0.006567316 0.029963864
0.029990124 0.043621187
0.043629568 0.062764401
0.062771385 0.085133724
0.085140708 0.101754553
0.101762096 0.118817614
0.118825157 0.132431915
0.132439178 0.149090736
0.149099117 0.165811855
0.165823309 0.182510347
0.182517611 0.195593573
0.195600278 0.212071366
0.212079188 0.227238378
0.227247318 0.243457477
0.243465579 0.260071042
0.260079144 0.276698574
0.276706396 0.293483669
0.29349177 0.310073208
0.310088014 0.32744385
0.327458097 0.344145135
0.344157707 0.361452642
0.361466331 0.377616987
0.377631514 0.403729244
0.403746565 0.41957651
0.419583773 0.43616577
0.436174151 0.45274972
0.452757822 0.468464846
0.468472668 0.485089585
0.485097407 0.501775504
0.501783885 0.515606033
0.515613855 0.52934996
0.529359458 0.544664475
0.544674253 0.561383639
0.56139202 0.577201571
0.577209952 0.593489954
0.593498055 0.610111062
0.610118884 0.626783571
0.62679251 0.643548831
0.643556932 0.657419588
0.65742741 0.67404712
0.674055222 0.695105382
0.695111808 0.711773144
0.711781246 0.728620256
0.728627241 0.74549447
0.745500895 0.762182903
0.762189608 0.77888754
0.778897318 0.793779097
0.79378664 0.810407748
0.810414732 0.826910682
0.826923812 0.843534862
0.843547434 0.859838332
0.859846154 0.891469446
0.89147615 0.912396128
0.912404229 0.928937058
0.928944321 0.945776628
0.945783612 0.962948642
0.962956185 0.979460518
0.979467781 0.995938868
0.995950043 1.010411937
1.010420318 1.027024385
1.02703528 1.042302582
1.042317109 1.054726229
1.054741035 1.071451818
1.071461596 1.091158233
1.091174995 1.107698604
1.107713131 1.121348382
1.121364306 1.141297567
1.141306507 1.157779549
1.157794635 1.17501498
1.175022523 1.193816533
1.193824076 1.210359975
1.210367238 1.224916295
1.224923837 1.238248716
1.238255979 1.254719803
1.254726787 1.271049812
1.271057355 1.299798717
1.29980598 1.319077146
1.319093349 1.333102669
1.333116358 1.349691371
1.349705619 1.366130611
1.36614458 1.394086958
1.394100647 1.40751073
1.407522464 1.424340523
1.42435505 1.438966126
1.438982049 1.454749136
1.454763384 1.47105065
1.471065456 1.48518876
1.485195744 1.515908306
1.51591557 1.532946226
1.53295321 1.547446672
1.547453935 1.564320325
1.564329265 1.580891145
1.58090651 1.598208152
1.598222958 1.616235023
1.616245639 1.631743139
1.631752638 1.647751599
1.64775998 1.664443943
1.664457632 1.681096619
1.681110588 1.697966919
1.697975021 1.712888369
1.712897588 1.729664523
1.729671787 1.746148184
1.746156844 1.762778788
1.76278689 1.779552987
1.779562206 1.790837104
1.790843808 1.807614653
1.807623593 1.823000688
1.82301326 1.839075636
1.839089884 1.85563668
1.855643943 1.872261697
1.872268681 1.888748151
1.888755135 1.904526133
1.904534793 1.921168472
1.921177691 1.937805782
1.937813046 1.951992222
1.951999764 1.964890788
1.964897773 1.98165074
1.981657444 1.99928287
1.999292089 2.015977728
2.015986109 2.029900449
2.029907991 2.046269288
2.046276551 2.062780884
2.062788426 2.07945926
2.079466803 2.096238487
2.09624631 2.11285289
2.11286183 2.129441032
2.12945081 2.143662952
2.143670494 2.157400172
2.157411626 2.175932694
2.17594806 2.191036569
2.191043274 2.207602642
2.20761214 2.221397132
2.221404675 2.237654786
2.237666519 2.254427866
2.254435688 2.27072938
2.270737481 2.288254513
2.288262335 2.304676431
2.304687047 2.321453705
2.321461527 2.335656626
2.335664727 2.349777135
2.349784398 2.366102675
2.366109379 2.383158754
2.383179985 2.39976645
2.399780418 2.416411582
2.416431976 2.430042644
2.430064434 2.44522111
2.445235357 2.461776007
2.461783829 2.482880924
2.482888188 2.499344469
2.499351174 2.516376242
2.516386578 2.533206874
2.533214137 2.549589961
2.549596946 2.5666019
2.566612236 2.583574448
2.583593166 2.599665319
2.599679288 2.616451811
2.616466059 2.633465705
2.633489731 2.647969784
2.647978444 2.660764705
2.660778394 2.689574513
2.689590436 2.70811793
2.708129384 2.72450437
2.724511354 2.741226887
2.74123443 2.757763905
2.757770889 2.774476644
2.774485583 2.791046347
2.79105361 2.802069257
2.802075682 2.818465196
2.818473857 2.835221235
2.835229337 2.851666901
2.851673886 2.868987259
2.868994523 2.885542435
2.885551095 2.902166336
2.902174997 2.922653855
2.922661398 2.93923222
2.939239204 2.951353035
2.951361695 2.968031689
2.968040908 2.984613686
2.98462067 3.001093994
3.00110014 3.01886776
3.018874744 3.034626188
3.034632893 3.051087217
3.051095319 3.067323919
3.067332859 3.083013344
3.083021166 3.099456773
3.099464596 3.116231532
3.116241589 3.132857945
3.13286493 3.150708539
3.150715803 3.167954306
3.167960731 3.18473102
3.184737166 3.201408837
3.201415822 3.218139735
3.218148675 3.235761808
3.235770189 3.25166271
3.251677516 3.269057379
3.2690747 3.289717547
3.289732074 3.308284712
3.308298401 3.327163646
3.327177056 3.341509884
3.34152469 3.358084617
3.358099423 3.374630014
3.374645938 3.391248049
3.391256151 3.408233168
3.40824099 3.422860447
3.422871901 3.436023851
3.436031952 3.452346876
3.452354698 3.468769353
3.468778572 3.511468077
3.511477854 3.536128753
3.536136017 3.552748462
3.552761313 3.566702192
3.566712249 3.582322334
3.582332391 3.624339405
3.624352256 3.647848259
3.64785636 3.656685695
3.656692679 3.673348987
3.67335625 3.689952772
3.689960315 3.706029118
3.706036382 3.722654973
3.722663074 3.739325249
3.739332792 3.755930431
3.755937416 3.772709659
3.77271832 3.789411782
3.789420442 3.806040991
3.806049652 3.822666009
3.822673272 3.83943937
3.839447751 3.856299891
3.856309668 3.872704211
3.872716503 3.889057687
3.88906495 3.905701422
3.905708127 3.92261754
3.922623965 3.941636155
3.941644257 3.966415284
3.966421989 3.978360098
3.978370993 3.991283528
3.991291351 4.006189892
4.006198273 4.022162314
4.022170136 4.038939864
4.038956626 4.053808794
4.053823321 4.069438154
4.069454916 4.086041103
4.086048087 4.097789243
4.097797345 4.113513031
4.113533704 4.131048778
4.131057159 4.149936373
4.149943078 4.166506357
4.166517253 4.181374727
4.181381711 4.198008686
4.198017346 4.213175416
4.2131824 4.229795686
4.229804346 4.246052501
4.246060882 4.263044883
4.263054661 4.279294435
4.279301978 4.29643097
4.29643963 4.312522122
4.312534414 4.333081439
4.333091496 4.344131447
4.34413871 4.360741936
4.36074892 4.374620796
4.374627781 4.38944363
4.389450893 4.404431568
4.40443967 4.421110223
4.421119163 4.437039623
4.437051077 4.45366464
4.453672463 4.469086992
4.469093697 4.481135172
4.481142156 4.496287655
4.496294919 4.510800115
4.51080682 4.527432676
4.52743966 4.54409429
4.544100995 4.560813734
4.560820718 4.574679182
4.574686725 4.588224201
4.588230905 4.603050667
4.603057092 4.619185398
4.619192383 4.637561477
4.637576563 4.655138292
4.655151981 4.671704644
4.671711907 4.686192238
4.686200898 4.699890627
4.699904875 4.716477373
4.716491341 4.733081439
4.733093451 4.749804513
4.749813453 4.766690738
4.766698281 4.781237837
4.781270524 4.797188189
4.797195173 4.811425194
4.811433295 4.827390352
4.827397895 4.844203662
4.844216513 4.860816946
4.860825048 4.877295019
4.877304797 4.891459108
4.891466651 4.90808692
4.908094463 4.924947444
4.924955825 4.941688677
4.941695102 4.958545848
4.958555905 4.97303037
4.973037633 4.989590575
4.989600353 5.002711797
5.00271934 5.01823416
5.018242261 5.035999546
5.036005972 5.051433352
5.051442013 5.064655981
5.064663244 5.081469292
5.081477673 5.098395745
5.098403009 5.114721563
5.114728547 5.131408321
5.131415864 5.148240626
5.148248448 5.165099194
5.16511428 5.181892391
5.1819058 5.194704353
5.194711617 5.209152279
5.209160102 5.225934021
5.225943799 5.240258188
5.240267686 5.256977352
5.256986571 5.273544543
5.273555159 5.289764758
5.289772022 5.306426095
5.306433637 5.323725221
5.323735557 5.340318392
5.340326214 5.35658191
5.356590012 5.373760072
5.373768174 5.390217192
5.390223896 5.402500875
5.4025073 5.416612166
5.41662362 5.433114543
5.433148067 5.449809961
5.449820297 5.465531234
5.465538497 5.483216162
5.483225102 5.499886438
5.499893422 5.515563849
5.515570553 5.532295025
5.532302009 5.54993805
5.549944754 5.566561113
5.566569494 5.583247311
5.583254854 5.599171403
5.599180622 5.615797537
5.615805359 5.632565591
5.632572575 5.649275536
5.649285872 5.665461113
5.665468097 5.681419845
5.681428505 5.698059948
5.69807224 5.714688039
5.714695581 5.727701425
5.727708968 5.741453172
5.741460994 5.757872858
5.757891855 5.775035653
5.775042637 5.79133549
5.791345826 5.808017499
5.80803007 5.823375595
5.823387887 5.83981735
5.839826011 5.856467789
5.856483713 5.873081354
5.873094485 5.900121661
5.900135909 5.916640242
5.916656445 5.933340689
5.933354099 5.950185009
5.950191993 5.966828464
5.966835728 5.983395654
5.983409902 6.000138563
6.000154487 6.016884547
6.016899353 6.031394493
6.031410137 6.047551852
6.047567776 6.064021264
6.064036629 6.081515108
6.081530473 6.098091796
6.09809906 6.114717093
6.114726033 6.131491292
6.131500231 6.147118697
6.147127078 6.163746229
6.163753213 6.177798016
6.177805 6.192416353
6.192422778 6.208356648
6.208364749 6.223109919
6.223117462 6.238457401
6.238464386 6.252932145
6.252940805 6.288828607
6.288845369 6.308442273
6.308459035 6.319591735
6.319603469 6.333407456
6.333417793 6.348118544
6.348128322 6.366831817
6.366840198 6.383293966
6.383302068 6.395992226
6.395998651 6.411090794
6.411097499 6.426159469
6.426166174 6.439780753
6.439789413 6.454059105
6.454067765 6.469437595
6.469445976 6.486057864
6.486064568 6.501441384
6.501448648 6.516766794
6.516773778 6.531538784
6.531545768 6.548159891
6.548167155 6.56683461
6.566841594 6.578618231
6.578625495 6.5953265
6.595336836 6.61200711
6.612015771 6.628065018
6.62807312 6.644740322
6.644747307 6.663035106
6.66305103 6.691723387
6.691731489 6.708385841
6.708393942 6.723190796
6.723199177 6.736288828
6.736296092 6.752251472
6.752260133 6.76968637
6.76969503 6.786113877
6.786125051 6.803072456
6.803079999 6.819530973
6.819538237 6.836020498
6.836028041 6.852649707
6.852656692 6.869125544
6.86914063 6.886466017
6.886483058 6.90868085
6.908699568 6.925232955
6.925270391 6.942026708
6.942044029 6.956619904
6.956634711 6.97523484
6.975249087 6.986524263
6.986531527 7.003548495
7.003555479 7.020018185
7.020027963 7.036318023
7.036329477 7.053326609
7.053338622 7.070059182
7.07006868 7.086733648
7.086743706 7.103187136
7.103201104 7.119929208
7.119937589 7.136582721
7.136589426 7.151584348
7.151590773 7.168213277
7.1682211 7.184722358
7.18473018 7.200418767
7.200429104 7.215113651
7.215122591 7.228463114
7.228476523 7.24478502
7.244792562 7.261577658
7.261585759 7.302501853
7.302511352 7.319780585
7.319787849 7.337046746
7.337063228 7.353668972
7.353680426 7.367420997
7.367430216 7.394925891
7.394935389 7.411392786
7.411402843 7.425444853
7.425451837 7.440192258
7.440199801 7.453876398
7.453885059 7.469698243
7.469707741 7.483271197
7.483279858 7.501890043
7.50190457 7.519773322
7.519782262 7.536434377
7.536444993 7.549856754
7.549865694 7.566327284
7.566337621 7.583649316
7.583659373 7.600310373
7.600319871 7.616311569
7.616322464 7.631692575
7.631701515 7.648275965
7.648283788 7.662649302
7.662658521 7.677946499
7.677955438 7.694650575
7.694658956 7.711425892
7.711437905 7.728060408
7.728072979 7.741956309
7.74196888 7.757276413
7.757288705 7.774276896
7.77428835 7.791961826
7.791971045 7.807187504
7.807199238 7.821568942
7.82157844 7.836421667
7.836434239 7.848595839
7.848605896 7.865092349
7.865101289 7.881936391
7.881943095 7.898664773
7.898675109 7.915250959
7.915261016 7.930413222
7.930422161 7.942219192
7.942228691 7.958854266
7.958863764 7.975552199
7.975561139 7.989941458
7.989950677 8.005582272
8.005592609 8.023098186
8.02310545 8.03978606
8.039795838 8.056411917
8.056420577 8.090680518
8.090687502 8.109054641
8.109064419 8.125904547
8.125921868 8.140514505
8.140528473 8.156051676
8.1560676 8.172987906
8.172997125 8.189442233
8.189457598 8.205669155
8.205684241 8.222785018
8.222806529 8.239473731
8.239482391 8.256367499
8.256376438 8.272154141
8.272161404 8.286560442
8.286578601 8.303313129
8.303327656 8.323524078
8.323540281 8.339585616
8.339599584 8.356379371
8.35639725 8.372983994
8.373000756 8.389672151
8.389686678 8.404778259
8.404796697 8.420015951
8.420029081 8.436582022
8.436598225 8.453278
8.45329113 8.465133695
8.465150737 8.481915438
8.481931921 8.498579008
8.498592417 8.51515374
8.515165753 8.531627902
8.531639076 8.548393998
8.54840629 8.565111765
8.565122381 8.581804111
8.581813889 8.595736606
8.595746105 8.611613765
8.611621308 8.629003685
8.629012904 8.644862963
8.644871065 8.661643587
8.661658114 8.678301571
8.678313304 8.706816088
8.706830894 8.723578554
8.723594478 8.736941425
8.736948968 8.753511688
8.75352845 8.767163144
8.767176554 8.783796542
8.783812745 8.800639745
8.800655389 8.817229562
8.817272026 8.840671927
8.840686454 8.857770471
8.857784718 8.875847627
8.875863551 8.906888721
8.906903807 8.91741129
8.917425537 8.934006696
8.934024296 8.948631738
8.948643471 8.965361518
8.965369061 8.981954968
8.981963349 8.999474791
8.999483452 9.01612188
9.016128305 9.032965362
9.032974022 9.048888614
9.048905655 9.065216109
9.065223093 9.078394879
9.078402701 9.109151022
9.109164711 9.128429449
9.128436433 9.142472855
9.142481516 9.157171091
9.157183662 9.173800022
9.173810638 9.185061507
9.185071285 9.201717256
9.20172871 9.218708801
9.218725842 9.233967724
9.23398253 9.250030659
9.250048259 9.265571461
9.265579562 9.278417228
9.278434269 9.317294236
9.317311557 9.328543711
9.328550695 9.342462518
9.34247509 9.358701454
9.358712908 9.375596339
9.375603881 9.392670575
9.392680632 9.411732496
9.411742274 9.425919215
9.425926478 9.442255648
9.442265985 9.459087117
9.459102762 9.475809353
9.475818852 9.492348049
9.49236509 9.508919149
9.508926412 9.534458987
9.534467647 9.551366164
9.551380133 9.568052083
9.568059906 9.584464225
9.584481545 9.60106857
9.601084215 9.617986363
9.61800089 9.634762797
9.634779839 9.650908145
9.650917923 9.666866318
9.666881124 9.682415501
9.682424441 9.699046944
9.699055604 9.715515518
9.715522781 9.74278267
9.74279133 9.761809111
9.761817213 9.776468237
9.776476059 9.792349864
9.792361318 9.809960204
9.809972775 9.826745297
9.826756471 9.842459864
9.842472156 9.857452274
9.857460934 9.870210876
9.870218698 9.884995717
9.885004377 9.898969002
9.898977383 9.91536913
9.915376393 9.932231609
9.932241107 9.948777008
9.948786506 9.965484438
9.965491702 9.978485533
9.978494193 9.992381991
9.992390651 10.0070833
10.007093916 10.02354042
10.023550198 10.036875076
10.03688653 10.052204119
10.052212779 10.065439042
10.065451334 10.081607019
10.081617915 10.098267237
10.098275338 10.11754762
10.117557119 10.134040777
10.134058936 10.150723066
10.15073871 10.165423536
10.165440857 10.181229735
10.181266892 10.197832684
10.19784777 10.214501003
10.214516648 10.228547761
10.22856592 10.245322798
10.245331179 10.260913047
10.260922825 10.277917164
10.277925824 10.294371211
10.294377916 10.330963851
10.330983406 10.353203547
10.353222264 10.365656528
10.365671893 10.381962511
10.381978714 10.398345598
10.398361801 10.414994083
10.415007214 10.430567011
10.430583493 10.446800081
10.446812093 10.463548858
10.463555842 10.478761684
10.478770903 10.49516796
10.495177179 10.507303301
10.507310564 10.523964915
10.523972738 10.540602785
10.540612283 10.55750577
10.557513592 10.573961214
10.573970992 10.590068848
10.590077509 10.606655034
10.606663415 10.624990884
10.62500597 10.638067406
10.638078581 10.65461532
10.654629567 10.670360338
10.670367323 10.687522015
10.687532352 10.703694183
10.703709828 10.720651086
10.720660305 10.737302087
10.73731382 10.753953084
10.753962862 10.770866687
10.77087423 10.787143615
10.78715479 10.804363682
10.80437318 10.821048204
10.82107167 10.837043254
10.837056943 10.853921377
10.853938698 10.87028435
10.870296642 10.887756962
10.887765902 10.903692227
10.903707313 10.92053096
10.920538503 10.93711966
10.937128599 10.954475498
10.954491421 10.971310039
10.971317582 10.986715629
10.986738258 11.003194258
11.003205712 11.019727366
11.019735747 11.036219407
11.036229185 11.053001706
11.053012043 11.069305456
11.069313837 11.086509038
11.086519095 11.09926457
11.099274907 11.115929815
11.115947694 11.140663127
11.140674861 11.154849846
11.154863256 11.16901673
11.169024273 11.185709636
11.185720252 11.1984945
11.198507909 11.215254731
11.21526842 11.230279825
11.230290999 11.246923001
11.246936131 11.263629314
11.263639092 11.278853596
11.278861418 11.290758461
11.2907674 11.307383199
11.307396608 11.323913234
11.323923011 11.340202174
11.340212231 11.357206291
11.357218862 11.373384046
11.37347484 11.390049571
11.390062702 11.406688279
11.406701968 11.422291657
11.4222992 11.438979813
11.438986797 11.455739485
11.455751778 11.470445543
11.470457835 11.484323844
11.484336415 11.515719454
11.515733143 11.532314022
11.532324917 11.548614416
11.548621959 11.565174622
11.565183841 11.598698435
11.598706537 11.620593677
11.620601499 11.640298416
11.640307077 11.656897732
11.656905833 11.672869594
11.672877137 11.68954015
11.689550207 11.703705917
11.703712901 11.720336241
11.720343225 11.748493172
11.748506582 11.766001541
11.766017465 11.781887641
11.781897698 11.798448683
11.798458741 11.814835683
11.814842667 11.840438097
11.840447037 11.856994113
11.857002773 11.874492148
11.874499971 11.890790028
11.890800924 11.907510031
11.907518133 11.92427501
11.924282553 11.940907292
11.940917908 11.957591258
11.957602432 11.974133302
11.974141404 11.990489572
11.990499629 12.00758057
12.007590348 12.024109487
12.024117309 12.040470505
12.040480283 12.062472741
12.062484474 12.073982027
12.073992085 12.090799806
12.090809025 12.10740918
12.107424824 12.124123875
12.124138402 12.140897514
12.140915394 12.165533886
12.165543664 12.190421127
12.190428111 12.207536711
12.20754593 12.223647976
12.223656077 12.240695674
12.240703217 12.257804271
12.257813211 12.274416719
12.274427335 12.290356734
12.290365395 12.308357065
12.308373269 12.324186731
12.324196789 12.34082069
12.3408341 12.357475039
12.357487611 12.374223538
12.374233036 12.390776201
12.39078989 12.407684494
12.407691757 12.424165081
12.42417877 12.440936485
12.440946263 12.458286736
12.458299587 12.475056186
12.475065126 12.490405901
12.49041959 12.505472342
12.505479606 12.520645778
12.520659188 12.533426732
12.53344098 12.549321212
12.549328475 12.565922203
12.565931143 12.582572085
12.582584097 12.599205485
12.599212748 12.615982196
12.615991695 12.632038428
12.632048485 12.648667636
12.648677414 12.665464743
12.665474521 12.679816847
12.679830536 12.695657686
12.695667184 12.712358692
12.712373498 12.728916663
12.728928396 12.745575204
12.745590289 12.762203295
12.762216146 12.774277176
12.774290027 12.790975666
12.790983209 12.808904202
12.808918729 12.824051659
12.824061437 12.840281373
12.840294224 12.857063396
12.857073453 12.870977734
12.870990026 12.887236226
12.887249914 12.903858728
12.903869903 12.920414184
12.920425918 12.936974111
12.936987521 12.954010353
12.954020689 12.970626712
12.970635931 12.987204797
12.987214575 13.001171096
13.001177801 13.015852571
13.015861511 13.032056866
13.032065527 13.048860398
13.048867383 13.062365466
13.06237692 13.078044834
13.078057964 13.094669292
13.094678791 13.111304368
13.111314984 13.127804229
13.127812889 13.140858124
13.140865946 13.157605505
13.157614445 13.174284997
13.174295055 13.190911413
13.190918397 13.207112633
13.207128278 13.223804979
13.223821182 13.240523585
13.240531407 13.254184818
13.254193478 13.269094254
13.269103473 13.286658498
13.286665761 13.302223884
13.302241484 13.318853093
13.318869017 13.33286465
13.332874149 13.349310315
13.349323725 13.365876947
13.365889519 13.38264891
13.382656452 13.398868849
13.398879465 13.415603657
13.415616787 13.4322703
13.432278681 13.446034341
13.44604356 13.46089796
13.460908856 13.476424515
13.476434573 13.491048721
13.491057382 13.504073839
13.504082779 13.520958667
13.520968445 13.56099951
13.561008729 13.574427196
13.574440884 13.587623564
13.587633901 13.602850919
13.60286349 13.619521195
13.619530973 13.636126377
13.63613364 13.653019865
13.653031598 13.669530343
13.669539842 13.687727628
13.68773545 13.704076913
13.704087529 13.720837981
13.720847759 13.737613299
13.737620562 13.754223789
13.75423189 13.772219651
13.772235296 13.786706969
13.786724289 13.80036429
13.800380214 13.816022426
13.816029969 13.833698695
13.83370959 13.848873807
13.848890848 13.862428323
13.862435587 13.879345837
13.879354777 13.895875591
13.895885368 13.912502564
13.912510945 13.929217259
13.929228713 13.983073265
13.983088071 13.999584862
13.999596036 14.016446222
14.016457955 14.032648282
14.032661691 14.049482824
14.049490646 14.065943295
14.065960057 14.082410752
14.082427513 14.099231604
14.099239985 14.116030667
14.116040165 14.132555112
14.132564331 14.14879293
14.14880606 14.166191232
14.166207715 14.182918497
14.182936656 14.207280812
14.207295618 14.223862807
14.223880128 14.240675838
14.240691203 14.266192768
14.266200591 14.28231437
14.28232303 14.298386525
14.298394627 14.315113231
14.315123568 14.33141279
14.33142173 14.34646079
14.346467774 14.362655028
14.362663968 14.399389864
14.399398804 14.416325258
14.416332521 14.431386669
14.431395888 14.447685667
14.447704944 14.463295473
14.463302178 14.481211436
14.481220376 14.497511834
14.497520773 14.51337586
14.513384521 14.529350516
14.529359456 14.54589396
14.545904017 14.557915879
14.557924259 14.572248426
14.572257086 14.615526832
14.615538844 14.639016689
14.639024512 14.654274215
14.654289859 14.671861924
14.671871143 14.68845705
14.688472136 14.70583859
14.70584725 14.722263861
14.722278388 14.738412562
14.738420384 14.755902773
14.755911992 14.771565936
14.771582698 14.789141076
14.789149178 14.804342728
14.80435977 14.820927518
14.820943442 14.837659813
14.83767434 14.856314976
14.856332856 14.874493264
14.874508629 14.890830536
14.89084646 14.912802322
14.912818805 14.929113614
14.929130376 14.945768805
14.945783611 14.962648882
14.962661453 14.978862675
14.978876084 14.99566034
14.995671235 15.012252672
15.012264405 15.029467711
15.02947665 15.046055013
15.046062556 15.057981948
15.057990609 15.074468402
15.074480694 15.090875234
15.090887526 15.107509472
15.107523999 15.123282705
15.123296115 15.140066123
15.140075342 15.156728297
15.156741428 15.1710804
15.171090457 15.186546892
15.186555273 15.199632913
15.19964716 15.216346768
15.21635906 15.241888842
15.241896664 15.258104869
15.258114367 15.274187359
15.274196578 15.290826626
15.29083361 15.307421471
15.30743097 15.323711252
15.323721309 15.340615915
15.340622899 15.357349047
15.357357149 15.373915677
15.373925455 15.390660823
15.390669762 15.407208455
15.407217394 15.424720737
15.424730236 15.441465883
15.441476499 15.45767744
15.457686659 15.474334306
15.474344643 15.491031119
15.491041177 15.507530704
15.507539643 15.524340941
15.524351836 15.540920142
15.540930758 15.557996057
15.558010863 15.574686444
15.574698457 15.591168708
15.591179882 15.607813282
15.607824736 15.625022731
15.62503195 15.641660321
15.64166982 15.65810822
15.65811716 15.67629489
15.676304947 15.691790994
15.691804963 15.709615605
15.709624545 15.724811392
15.724821169 15.740882429
15.740893044 15.758096906
15.758105846 15.774631411
15.774638395 15.790934041
15.79094354 15.80766829
15.807684214 15.824862655
15.824870477 15.841536284
15.841546341 15.858092855
15.858102354 15.87557329
15.875581112 15.892696415
15.892713456 15.90904989
15.909064138 15.925574897
15.92558244 15.941923622
15.941932282 15.958746431
15.958758444 15.975015258
15.975025035 15.99173917
15.991747831 16.00818791
16.008199364 16.024936128
16.024947582 16.041570085
16.041584053 16.058050393
16.058062685 16.074734356
16.07474134 16.091091742
16.091100961 16.107783808
16.107791351 16.124280878
16.124291214 16.140963165
16.140971546 16.157671433
16.157679535 16.174483906
16.174497036 16.191143845
16.191154181 16.20782725
16.207834792 16.225096762
16.225105702 16.241712563
16.241729324 16.258317465
16.258326964 16.274844706
16.27486091 16.291116326
16.291128898 16.307836608
16.307852812 16.323762096
16.323787798 16.340407507
16.340433488 16.357011853
16.357028615 16.373871257
16.373879918 16.390192886
16.390210486 16.406896964
16.406905345 16.43329585
16.433310657 16.44641735
16.446427966 16.46003556
16.460044779 16.475100046
16.475117087 16.491193711
16.491218574 16.508867465
16.508884227 16.524298198
16.524322223 16.539487278
16.539510744 16.55481744
16.554833643 16.568599918
16.568623664 16.583163779
16.583174953 16.597501915
16.597509458 16.616563555
16.616573053 16.633205614
16.633215392 16.652161376
16.652170875 16.668912107
16.668922723 16.683099107
16.683110002 16.699307032
16.699316252 16.716077599
16.716088215 16.730430821
16.730441158 16.746300994
16.746308537 16.76299278
16.763003117 16.779623386
16.77972312 16.796241139
16.796248961 16.813035732
16.813048303 16.824764318
16.824781639 16.841602492
16.841610034 16.857748399
16.857765719 16.874494383
16.874506954 16.890979157
16.890989493 16.907762017
16.907772912 16.921411798
16.921424369 16.937888193
16.937901881 16.95461043
16.954624677 16.971078725
16.97108962 16.987826941
16.987837557 17.024477689
17.024491098 17.04119406
17.041203279 17.054748297
17.054760589 17.075047244
17.075054228 17.091203489
17.09121606 17.10775615
17.10776928 17.121441688
17.121456215 17.138055533
17.138068383 17.154853478
17.154862977 17.170394279
17.170401822 17.187062041
17.187070142 17.203714157
17.203723376 17.216697371
17.216705752 17.233213437
17.233228522 17.249838174
17.249851025 17.266624946
17.26663612 17.282799907
17.282810523 17.300575908
17.300593508 17.313185053
17.313193993 17.321367659
17.321377995 17.337107925
17.337114909 17.353869275
17.353879611 17.370648781
17.370659118 17.387295869
17.387306205 17.41649511
17.416504608 17.437523203
17.437531863 17.446508982
17.44651848 17.460970036
17.460980652 17.475022102
17.475033836 17.499695349
17.499706244 17.510712672
17.51072636 17.524528953
17.524541245 17.538135431
17.538147165 17.554463484
17.554474938 17.571211423
17.571223436 17.587836719
17.58784482 17.604762614
17.604771554 17.633013969
17.63302654 17.649643179
17.649653236 17.666700933
17.666711269 17.679776337
17.679792261 17.696395489
17.696409737 17.71313784
17.71315069 17.729917068
17.729925729 17.746472245
17.746480346 17.763209846
17.763219624 17.779834865
17.779844364 17.792852441
17.792859704 17.808177852
17.808186791 17.824945346
17.824954007 17.841654175
17.841670658 17.85835462
17.858364957 17.875032719
17.875045849 17.892499183
17.89250952 17.907906728
17.907924049 17.921895379
17.921904598 17.938084865
17.938092408 17.954931141
17.954942316 17.971543029
17.971553645 17.988123069
17.988130053 18.004952862
18.004971021 18.021660571
18.021674819 18.038136969
18.038145908 18.05120874
18.051224384 18.066789771
18.066800387 18.083484351
18.083495246 18.099952645
18.099961864 18.116333219
18.116343835 18.133224472
18.133234529 18.14979613
18.149803953 18.166403549
18.166412489 18.183103157
18.183115169 18.200060619
18.200067324 18.216694018
18.216702958 18.233491127
18.233500905 18.249655191
18.24966413 18.266267638
18.266277416 18.282915284
18.282923665 18.299175173
18.299184392 18.315959428
18.315969206 18.332370452
18.332381068 18.349073693
18.34908375 18.365589758
18.365598698 18.383202332
18.383211272 18.400405356
18.400414016 18.418210133
18.41822466 18.433157843
18.433169018 18.449776156
18.449785934 18.466510127
18.466519067 18.483120897
18.483129557 18.498506651
18.498517826 18.515015174
18.515022438 18.531595213
18.531606388 18.541740079
18.541749019 18.556937262
18.556944805 18.573168095
18.57317927 18.588359412
18.588371983 18.605136404
18.605143667 18.621767569
18.621777068 18.633498389
18.633507049 18.649864157
18.649872817 18.666444197
18.666455651 18.68222218
18.682231957 18.698901114
18.698910054 18.715686489
18.715697105 18.730695937
18.730705995 18.746668359
18.746677857 18.76452426
18.764541581 18.78012652
18.780137136 18.79668086
18.796689241 18.813332419
18.813339683 18.825079162
18.825088102 18.841518683
18.8415374 18.858088945
18.858102633 18.87478157
18.874798611 18.891130293
18.891139512 18.907932988
18.907948074 18.92460941
18.92462254 18.941275496
18.941285832 18.957955267
18.95796281 18.975272553
18.97528708 18.991854829
18.991868238 19.01327459
19.013282133 19.029831444
19.029854352 19.042010364
19.042027964 19.058569732
19.058584259 19.075102839
19.075118763 19.091847145
19.091856923 19.110006158
19.110021244 19.125235746
19.125275974 19.150147573
19.15015763 19.158638316
19.15864558 19.202538588
19.202553953 19.225327799
19.225338135 19.24150611
19.24151505 19.258369428
19.25838144 19.275345606
19.275354267 19.292261444
19.292269266 19.30890965
19.308923897 19.324819491
19.324831225 19.341587546
19.34159481 19.359199281
19.359209896 19.375692997
19.375703613 19.392430321
19.392437864 19.408678474
19.408687973 19.4254767
19.425485081 19.450411711
19.450418975 19.467011308
19.467019968 19.483812883
19.483821544 19.50109888
19.501107261 19.516571517
19.516581015 19.530248116
19.530256777 19.546865869
19.546873412 19.561134443
19.561143383 19.576390014
19.576407614 19.591902879
19.59191126 19.608783796
19.608802792 19.633862681
19.633872738 19.650535192
19.65054469 19.668076805
19.668088259 19.68542538
19.685438789 19.702021344
19.702033636 19.718151606
19.718162502 19.735065487
19.735074147 19.752320754
19.752335839 19.768872577
19.768886266 19.785335844
19.785346181 19.825223594
19.825231975 19.841975444
19.841989971 19.858742379
19.858751598 19.875228833
19.87523861 19.891598789
19.891614154 19.908250347
19.908265154 19.924892407
19.92490889 19.938630465
19.938647506 19.95215481
19.952169617 19.967733327
19.967750089 19.983773633
19.983790115 20.000598677
20.000606499 20.0172033
20.017212799 20.03375736
20.033768535 20.052399394
20.052411965 20.067061593
20.067070254 20.083851716
20.083862052 20.100772861
20.100780683 20.117216571
20.117226069 20.133753868
20.133763646 20.150281947
20.150290607 20.166946913
20.174196718 20.191916848
20.191926346 20.208484315
20.208494931 20.238603227
20.238616358 20.26166398
20.261672082 20.283499157
20.283512008 20.300212176
20.300221953 20.316974919
20.31698302 20.333766161
20.333773145 20.350493146
20.350504321 20.36697485
20.366986583 20.383807996
20.383816935 20.399149609
20.399161063 20.415933028
20.415942247 20.432546033
20.432553855 20.458884297
20.458901897 20.478777048
20.478795486 20.49249639
20.49250924 20.508705434
20.508721078 20.527053854
20.527069219 20.541703762
20.541712981 20.557104322
20.557115776 20.573458635
20.573466737 20.590583997
20.590595171 20.606953394
20.606967921 20.623728153
20.623744356 20.637430175
20.637446657 20.65048686
20.650500269 20.667093161
20.66710685 20.683698066
20.68371399 20.70059239
20.700602447 20.716744164
20.716758691 20.733458301
20.733467241 20.750088067
20.750097006 20.765695079
20.765708768 20.782297747
20.782313671 20.797998905
20.798015387 20.814685663
20.814693765 20.832219176
20.832226719 20.848671266
20.848683837 20.865385962
20.865395181 20.891504085
20.891519729 20.908498144
20.908512113 20.925322907
20.92533073 20.940530148
20.940537691 20.957002075
20.957011573 20.973779625
20.973794711 20.988860593
20.98887037 21.00533643
21.005343694 21.021713371
21.021720914 21.034097069
21.034105729 21.050942784
21.050958149 21.06734431
21.067358558 21.084160135
21.084172148 21.098825406
21.098838536 21.117124101
21.117133041 21.133727328
21.133736827 21.150236689
21.150247026 21.165281061
21.16529028 21.180290508
21.180300006 21.196704885
21.196716619 21.209195859
21.209203681 21.223929574
21.223942704 21.240504866
21.240513805 21.255452296
21.255461795 21.270902863
21.270910126 21.283509773
21.283517316 21.300440416
21.300449076 21.317070183
21.317079123 21.333575076
21.333585412 21.348772256
21.348780637 21.364112196
21.364121135 21.378894802
21.378907373 21.39332764
21.393341888 21.412242335
21.412251275 21.428589665
21.42860056 21.445162161
21.445172777 21.4589181
21.45892676 21.475471322
21.475479144 21.49278637
21.492796427 21.507544113
21.50755389 21.524100406
21.524111581 21.540727938
21.540738275 21.558985288
21.558993669 21.576014546
21.576024324 21.592154866
21.592164085 21.609015389
21.609025447 21.624245535
21.624255592 21.641830174
21.641838834 21.65849179
21.658499053 21.675307892
21.675315993 21.690649787
21.69065733 21.707038461
21.707048797 21.723330197
21.723339136 21.740003546
21.740013044 21.757063813
21.757072193 21.773356108
21.773365047 21.790125
21.79013785 21.806838296
21.806850867 21.818758526
21.818770818 21.834024433
21.834035049 21.850841655
21.850856182 21.86737057
21.867382024 21.883980503
21.883991398 21.900338168
21.900347667 21.917236964
21.917286971 21.934539164
21.934549501 21.953150466
21.953165552 21.967330203
21.967337745 21.984023385
21.984034281 22.000376301
22.000392505 22.017282362
22.017292419 22.034457728
22.034468064 22.051387255
22.051404575 22.067607472
22.067616691 22.083936642
22.083946141 22.10956029
22.109659465 22.125985283
22.126004838 22.142270594
22.142279254 22.158928296
22.158936956 22.175568959
22.175578178 22.192522789
22.192536758 22.20943276
22.209442538 22.225678401
22.225685665 22.242131328
22.242140548 22.258703548
22.258713605 22.275399245
22.275409022 22.292089913
22.29210025 22.309558894
22.309569231 22.326164634
22.326172736 22.350590087
22.350600982 22.367076258
22.367086874 22.384100211
22.384112782 22.417830475
22.417845282 22.434592104
22.434600485 22.451073526
22.451083583 22.467417225
22.46742784 22.517280267
22.517292 22.532615175
22.532623835 22.550884537
22.550893197 22.585277735
22.585285836 22.607772773
22.607780595 22.6258544
22.625864178 22.64212239
22.64213133 22.659293007
22.659304741 22.67597753
22.675992616 22.693052606
22.693067133 22.709561407
22.709571185 22.726037245
22.726045626 22.742900561
22.742910059 22.759459649
22.759467471 22.776216248
22.776223512 22.792731754
22.792741532 22.809199211
22.809210385 22.826192432
22.826208635 22.843148777
22.843156879 22.86700991
22.867019129 22.883984134
22.883993074 22.901559275
22.901569052 22.917554323
22.9175641 22.934034351
22.934044688 22.951164181
22.951172003 22.967724944
22.967744779 22.984639665
22.984651677 23.001063261
23.001074156 23.017461434
23.017477358 23.034414986
23.034423088 23.050981057
23.050995584 23.067893821
23.06790304 23.084440338
23.084449277 23.100610549
23.100619768 23.117554323
23.117562424 23.13416705
23.134174593 23.157420842
23.157428385 23.174193086
23.17420482 23.190513595
23.190522534 23.204863464
23.204874918 23.220136914
23.220145575 23.235384661
23.235392204 23.250730467
23.250739686 23.267658316
23.267667256 23.284574433
23.284584769 23.308938424
23.308949319 23.325849232
23.325859289 23.342561971
23.342574543 23.357463584
23.357475597 23.370862215
23.370873669 23.385785901
23.385793164 23.400836695
23.400844796 23.417310298
23.417318958 23.434066059
23.434074998 23.450279292
23.45028879 23.465695219
23.465703041 23.477451182
23.477458445 23.49240364
23.4924123 23.507386551
23.507394931 23.520159682
23.52016918 23.536036001
23.536043823 23.550831458
23.550839559 23.567548945
23.567565707 23.603092288
23.603106256 23.619723732
23.619733231 23.637453361
23.637468447 23.65312267
23.653137197 23.669792387
23.669808311 23.686252579
23.686267386 23.703117292
23.703133495 23.719854336
23.719869422 23.736021753
23.73603656 23.751135964
23.751154403 23.767601745
23.767633034 23.782412008
23.78242877 23.794902979
23.794918065 23.810765611
23.810780138 23.825952178
23.825968102 23.842119875
23.842129373 23.857418748
23.857428526 23.875318508
23.875334431 23.886843715
23.886851258 23.900776771
23.900786828 23.917191428
23.917203161 23.934250857
23.934265943 23.951020588
23.95102813 23.968499624
23.968507447 23.983975893
23.983985112 24.000492518
24.00050481 24.017103008
24.01711502 24.034550478
24.034559976 24.051021007
24.051035254 24.067768107
24.06778403 24.084124935
24.084138065 24.100683184
24.100698549 24.117815809
24.117829498 24.13450536
24.134518769 24.15111194
24.151128702 24.167429656
24.167455078 24.184228998
24.184244642 24.201115502
24.201136454 24.217781028
24.217794996 24.234260776
24.234276979 24.250871267
24.250896968 24.267354088
24.2673756 24.284000336
24.284012629 24.300617533
24.300639044 24.317059009
24.317070184 24.333960877
24.333971772 24.351461147
24.351475953 24.366983788
24.366995522 24.38372223
24.383734522 24.418024075
24.418037485 24.434554948
24.434567799 24.449806605
24.449818339 24.466574939
24.46658751 24.483053011
24.483063627 24.500477571
24.500488746 24.517240316
24.517280825 24.533877626
24.533887683 24.549469553
24.549479889 24.566056019
24.566068032 24.582563142
24.582572641 24.600598676
24.600613762 24.615926602
24.615938336 24.632732927
24.632744102 24.649204296
24.649217984 24.665503014
24.665513071 24.682144236
24.6821515 24.732039404
24.732047506 24.75073843
24.750747369 24.767227953
24.76723801 24.782579626
24.782591639 24.798576353
24.798585572 24.81509521
24.815105267 24.831659607
24.831669664 24.848927166
24.848938899 24.866792564
24.866806811 24.882659106
24.882669163 24.898763667
24.898773445 24.916039883
24.916049102 24.932255353
24.932267925 24.949446924
24.949459775 24.965840347
24.965850683 24.982323169
24.982333226 25.000963247
25.000971908 25.017851708
25.017860647 25.034461918
25.034469461 25.050801705
25.050809527 25.06607767
25.066086609 25.082584515
25.082593454 25.097365165
25.097373546 25.109537663
25.109545764 25.125611212
25.125626577 25.141329691
25.141345336 25.157878162
25.15788794 25.174679181
25.174700133 25.190948009
25.190957787 25.207580289
25.207590905 25.224343873
25.224353371 25.240974757
25.240983976 25.257607318
25.257616258 25.274523994
25.274531816 25.300624238
25.300633457 25.317429448
25.317438667 25.333365829
25.333374769 25.349963749
25.34997213 25.367455916
25.367465974 25.384084007
25.384094902 25.400669915
25.400679972 25.417313091
25.417321192 25.433478833
25.433488332 25.450261413
25.450272308 25.466859611
25.466870507 25.483648617
25.483658116 25.500307438
25.500315539 25.517041688
25.517052583 25.533709448
25.533721461 25.550329718
25.55033754 25.567926646
25.567935586 25.592559386
25.592568326 25.609098638
25.609107857 25.625765841
25.625775899 25.642387508
25.642394771 25.659240766
25.659248588 25.675860756
25.675870534 25.692994776
25.693003995 25.709196277
25.709207172 25.726156813
25.726164356 25.742749145
25.742756687 25.759539547
25.759549325 25.776338329
25.776347269 25.794501533
25.794510472 25.81094189
25.81095083 25.827940139
25.827949079 25.844493361
25.844504256 25.885388503
25.88539828 25.909612531
25.909620912 25.926340915
25.92635181 25.942985487
25.942998059 25.959506302
25.95951608 25.97648807
25.976499804 25.99313376
25.993141023 26.010320023
26.01033008 26.02676569
26.026775188 26.043572014
26.043579837 26.059416486
26.059428219 26.076220857
26.076234825 26.093664973
26.093675589 26.109983808
26.109994145 26.126198438
26.12621073 26.143105335
26.143118466 26.159513567
26.159526697 26.1762724
26.176286647 26.193074815
26.19309018 26.209738943
26.209750397 26.226195225
26.226206959 26.250225653
26.250238784 26.268039929
26.26804803 26.284826141
26.284842624 26.301025126
26.301041888 26.31769205
26.317718311 26.334591962
26.334601182 26.351301628
26.351310568 26.367935587
26.367944526 26.384560324
26.384568985 26.401222498
26.401233673 26.417642462
26.417652799 26.433628293
26.433635556 26.45155655
26.451566048 26.471937631
26.471953555 26.484826699
26.484836198 26.501335781
26.501347793 26.516740532
26.516750309 26.534551176
26.534569334 26.551227597
26.551235978 26.56776657
26.567773834 26.583424984
26.583442584 26.599828187
26.599845787 26.616493993
26.616513269 26.632947199
26.632961447 26.649484219
26.649498746 26.666007547
26.666024868 26.682610775
26.682649886 26.699074041
26.69908801 26.711538753
26.711554118 26.726102057
26.726116305 26.743058403
26.743069019 26.75957698
26.759587317 26.774599282
26.774606825 26.790404643
26.790413862 26.803377241
26.803386181 26.817897243
26.817907579 26.834237309
26.83424569 26.849490644
26.849498745 26.872532399
26.872540501 26.886956579
26.886963842 26.900738218
26.900747717 26.916273712
26.916289636 26.931584039
26.931599963 26.951227595
26.951242122 26.962152169
26.962163902 26.976307041
26.976317936 27.012344581
27.012354639 27.029044749
27.029056762 27.0425839
27.042593678 27.057783877
27.057793934 27.07259805
27.072608666 27.087451893
27.087459715 27.101139945
27.101150561 27.117623885
27.117640368 27.132869117
27.132886997 27.149594149
27.149620689 27.166153516
27.166161618 27.180629657
27.1806372 27.197484035
27.197506664 27.212920912
27.21293041 27.229698184
27.229707683 27.246436625
27.246451991 27.259692219
27.259706466 27.277580527
27.277595334 27.304857736
27.304879526 27.321942031
27.321952647 27.335158236
27.33516941 27.355278111
27.355287051 27.371650025
27.371657847 27.387959918
27.387968299 27.404796416
27.404805076 27.421657497
27.421667834 27.438002313
27.438010973 27.451544815
27.451552358 27.466251154
27.466260094 27.483184592
27.483194928 27.499646459
27.499656516 27.513451567
27.513460506 27.529375658
27.529385156 27.551757552
27.551775152 27.575940514
27.576039968 27.592925913
27.592934015 27.609709053
27.609718551 27.625912786
27.625921726 27.642859075
27.642869412 27.659565388
27.659572931 27.676149898
27.67615772 27.691329202
27.691339539 27.707962041
27.707972937 27.724762502
27.724771442 27.741186654
27.741198388 27.757991865
27.758000525 27.772525555
27.772535332 27.786488222
27.786497721 27.801398219
27.801409114 27.834670325
27.834679544 27.851643711
27.85165265 27.869463015
27.869477262 27.88426322
27.884272439 27.901101672
27.901112567 27.917657129
27.917666069 27.935004026
27.93501576 27.952786174
27.952794835 27.967800933
27.967809873 27.984294368
27.984303866 28.000909051
28.000918549 28.017994462
28.018005078 28.034735137
28.03474296 28.05213232
28.052139584 28.06888864
28.068896183 28.085630711
28.085639372 28.101771591
28.10178081 28.140490198
28.140499417 28.159567204
28.15957754 28.176450075
28.176460412 28.193232935
28.193287412 28.209889521
28.209903768 28.22653214
28.226545828 28.243344332
28.243353551 28.260282238
28.260289781 28.280618064
28.280634826 28.293112388
28.293121328 28.309763947
28.309774284 28.326387009
28.326401816 28.342734059
28.342746351 28.359235319
28.359243979 28.376268488
28.376281618 28.392800757
28.392810814 28.41011888
28.410135922 28.426792228
28.426802844 28.443423393
28.443432891 28.463321172
28.463339051 28.47632953
28.476336793 28.493395107
28.493404326 28.509995261
28.510004759 28.52674348
28.526757448 28.543090808
28.543098909 28.559686213
28.559694874 28.575864527
28.575874584 28.592661354
28.592670852 28.609539197
28.609548696 28.625926477
28.625941842 28.642351467
28.642360966 28.659211991
28.659220093 28.675677492
28.675685035 28.693463551
28.693473049 28.710019287
28.710028786 28.72647417
28.726489256 28.743149754
28.743158973 28.758498354
28.758506176 28.776129923
28.776141097 28.793469838
28.793479057 28.816930639
28.816945446 28.835154465
28.835171785 28.850439088
28.85045585 28.866913807
28.86693001 28.883668731
28.883686051 28.900343756
28.900360238 28.917088899
28.917103147 28.933840471
28.933855278 28.950536167
28.950552929 28.96840883
28.968425313 29.000986434
29.001002637 29.018050336
29.018064863 29.041415316
29.041430122 29.05806883
29.058078328 29.075635028
29.075644526 29.093437851
29.093449584 29.109628175
29.109636835 29.126106806
29.126115467 29.142544369
29.142552471 29.159461324
29.159470543 29.176209822
29.176218762 29.19334496
29.193356135 29.228280964
29.228295212 29.243331202
29.243341259 29.259937782
29.259953147 29.276692983
29.27670751 29.29342025
29.293434498 29.309858931
29.309868708 29.326771136
29.326779238 29.343146961
29.343158694 29.360301654
29.360311152 29.376810736
29.376827219 29.393572922
29.393580465 29.409858232
29.409866334 29.426396927
29.42640475 29.44316442
29.443173918 29.459653388
29.459662328 29.476743269
29.476752768 29.493180833
29.493189773 29.51001733
29.510025711 29.526521384
29.526548482 29.542954758
29.542971241 29.56847392
29.568485374 29.592309634
29.592318294 29.609539198
29.609547299 29.626370666
29.626381003 29.642881982
29.642892598 29.65945001
29.659460068 29.67701537
29.677039116 29.69413291
29.694140732 29.736667645
29.73668301 29.752462949
29.752477755 29.767865745
29.76788139 29.785867753
29.785882559 29.802488302
29.80249808 29.819090132
29.819099351 29.834951367
29.8349631 29.851131913
29.851142529 29.866511802
29.866519345 29.885373417
29.885382356 29.902047045
29.902057382 29.919930323
29.919939821 29.935137842
29.935146782 29.951115851
29.951122835 29.967958772
29.96797302 29.984635194
29.984642737 30.001116618
30.001126396 30.01674598
