0.007361551 0.021513907
0.021542681 0.035143014
0.035150277 0.051761327
0.051770825 0.079712924
0.079722981 0.093356279
0.093365498 0.11025647
0.110263734 0.127027038
0.127036536 0.140660335
0.14066704 0.15744487
0.157454368 0.174028543
0.174036644 0.18709417
0.187103669 0.202127364
0.20213379 0.218930059
0.218938999 0.235528537
0.235534963 0.251726685
0.251733111 0.26850312
0.268509545 0.284987615
0.28499432 0.301901778
0.301907924 0.31906178
0.319068764 0.336584118
0.336590823 0.353068057
0.353074762 0.369196642
0.369203626 0.385931732
0.38594123 0.403822832
0.403829537 0.419691049
0.419698592 0.436454912
0.436462735 0.453048361
0.453055066 0.468759855
0.468766839 0.48541784
0.485424265 0.502094539
0.502100965 0.515894338
0.515900763 0.529483775
0.529491318 0.544820361
0.544827345 0.561694293
0.561703512 0.577509433
0.577516696 0.59390956
0.593917103 0.610443785
0.610451049 0.626892523
0.626899228 0.643722317
0.643730139 0.657750915
0.657760692 0.674340453
0.674347158 0.695063198
0.695070462 0.711825106
0.711831811 0.728476383
0.728483926 0.745599232
0.745606495 0.762126751
0.762136808 0.778616556
0.778625216 0.7936545
0.793664278 0.810418363
0.810430097 0.827182225
0.827194237 0.843791599
0.843803891 0.859640821
0.859648643 0.891597395
0.891605217 0.912581626
0.912589448 0.929021426
0.92902841 0.945685834
0.945693377 0.962841366
0.962848629 0.979342067
0.979351007 0.996066817
0.996073522 1.010685995
1.010695214 1.027153451
1.027160994 1.042300906
1.042308169 1.054555816
1.054563359 1.071398459
1.071413824 1.091248747
1.091258246 1.107655582
1.107664242 1.121426605
1.121436941 1.141473008
1.141481669 1.157490686
1.157497111 1.174885634
1.174892339 1.1938752
1.193881905 1.210416686
1.210423391 1.224721018
1.224728282 1.23810596
1.238112665 1.25459353
1.254600235 1.271198993
1.271205977 1.299733345
1.299741167 1.319074911
1.319083012 1.332755418
1.332762682 1.349333505
1.349341886 1.365786992
1.365796491 1.393840279
1.393846983 1.407747911
1.407754896 1.424383545
1.424392485 1.438971992
1.438980373 1.45476953
1.454777352 1.471352085
1.471359907 1.487817306
1.48783323 1.516451113
1.516465081 1.533239839
1.533274201 1.547660665
1.547681059 1.56407169
1.564085379 1.581042841
1.581050383 1.598501764
1.598509587 1.615974096
1.6159903 1.631450085
1.631464054 1.647512184
1.647525034 1.664479981
1.664488642 1.680906093
1.680914473 1.697607935
1.697628608 1.71308616
1.713111861 1.729866225
1.729887177 1.746491244
1.746512476 1.763123524
1.763145594 1.779795476
1.779810003 1.797486272
1.797500241 1.814520839
1.814540115 1.830859229
1.830866493 1.847357973
1.847365516 1.864068757
1.8640763 1.8805946
1.88060354 1.89632984
1.896336545 1.912855684
1.912865461 1.929490479
1.929499419 1.943681389
1.943689491 1.956702876
1.956713212 1.973445788
1.97345333 1.99098796
1.990994665 2.008054933
2.008073092 2.023653565
2.023668091 2.03838728
2.038401248 2.054503296
2.054515308 2.071215753
2.07123056 2.091043413
2.091057382 2.104482552
2.104489815 2.121092484
2.121099468 2.135416372
2.135423357 2.148695154
2.148701859 2.165446447
2.165453989 2.18264472
2.182652822 2.19931779
2.19932645 2.21555505
2.215563989 2.229556829
2.229566886 2.245573669
2.245583447 2.262250369
2.262257912 2.278866169
2.27887427 2.296244354
2.296251338 2.312863227
2.312872725 2.329589934
2.329597756 2.346266633
2.346273896 2.357698533
2.357705517 2.374305393
2.374312378 2.391182118
2.391190499 2.40773981
2.407747353 2.421375063
2.421383444 2.436557997
2.436569451 2.452323968
2.452332629 2.468923284
2.468930548 2.485457229
2.485465051 2.502067721
2.502074984 2.518840802
2.518848624 2.533072499
2.533084512 2.549544146
2.549553085 2.566441544
2.566451881 2.583222728
2.583231109 2.599448811
2.599455795 2.616228319
2.616235303 2.633459559
2.633467661 2.647837085
2.647846304 2.660884553
2.66089461 2.689332303
2.689340125 2.707713689
2.707722349 2.724384523
2.724392345 2.73566808
2.735682607 2.750362126
2.750375256 2.766006294
2.766023335 2.782767361
2.782782447 2.793839998
2.793847262 2.810169449
2.810176992 2.826801171
2.826808434 2.843401325
2.843408868 2.860603232
2.860610496 2.875485851
2.875493115 2.891231426
2.891240645 2.907737715
2.907744978 2.925806491
2.925816827 2.942401059
2.942408322 2.959231131
2.959238115 2.976291958
2.976299221 2.992778132
2.992785395 3.009722463
3.009730006 3.026034035
3.02604046 3.042668551
3.042674976 3.059427384
3.059439956 3.074682955
3.074693012 3.091138956
3.091148455 3.107901422
3.107910921 3.124523089
3.124530073 3.141161515
3.141168499 3.158788058
3.158795042 3.175414751
3.175421456 3.191327948
3.191334653 3.207829485
3.207838704 3.225325565
3.22533199 3.239348296
3.239355001 3.252284856
3.252295192 3.269235614
3.269273329 3.289330906
3.289338728 3.307978807
3.307985791 3.327023964
3.327031786 3.341335281
3.341342824 3.35799969
3.358010306 3.374735055
3.374745392 3.391336887
3.391348341 3.407877815
3.407889269 3.422711825
3.422722441 3.435818797
3.435831089 3.452100197
3.45211193 3.46887635
3.468888921 3.511074172
3.51108395 3.535689591
3.535702722 3.552314329
3.55232271 3.566288731
3.566296833 3.582018106
3.582027884 3.624056967
3.624066186 3.632884905
3.632892169 3.648370113
3.648377656 3.665377863
3.665388478 3.681998409
3.682009863 3.697939263
3.69795379 3.714520141
3.714527684 3.733122505
3.733130047 3.749691372
3.74970506 3.766224757
3.766232021 3.781373331
3.781381991 3.797768152
3.79777793 3.814566934
3.814578108 3.831216816
3.831225756 3.847795179
3.847805795 3.863166686
3.863174508 3.87751013
3.877519349 3.893988202
3.893996303 3.910779163
3.910786426 3.941842606
3.941852942 3.966372541
3.966379805 3.978454803
3.978464301 3.991348062
3.991355046 4.006333206
4.006341867 4.022204218
4.022210923 4.038592334
4.038603229 4.053698166
4.053705708 4.069357138
4.069366637 4.08589751
4.085904214 4.097647605
4.097654031 4.113300154
4.11330658 4.127318136
4.12732512 4.149892513
4.149900615 4.166570611
4.166577596 4.181323044
4.181331146 4.197953651
4.197961473 4.213098032
4.213105296 4.229715508
4.229722492 4.245796602
4.24580638 4.262857429
4.262871956 4.279414283
4.279429089 4.296169764
4.296177306 4.312726896
4.312735277 4.333269173
4.333276715 4.349782164
4.349796132 4.366389862
4.366402712 4.381196772
4.381211299 4.396186386
4.396194208 4.412132546
4.412141207 4.429637007
4.42965321 4.445425046
4.4454365 4.461943905
4.461952845 4.477526334
4.47753695 4.494070055
4.494077877 4.508105079
4.508114857 4.524746022
4.524752727 4.54140149
4.541412385 4.558114788
4.558121772 4.574859373
4.57486915 4.58940843
4.589415693 4.605021308
4.605028292 4.61973016
4.619736586 4.637282392
4.637297477 4.652858671
4.652865656 4.669266904
4.669279755 4.686027133
4.68604166 4.700264977
4.700271961 4.716743329
4.716750313 4.733348791
4.733361642 4.750092818
4.750102875 4.766865341
4.766872884 4.781403222
4.781413 4.797401066
4.797408889 4.81122433
4.811238857 4.827401526
4.827413539 4.844472691
4.84448638 4.860522495
4.860532552 4.877000567
4.87700839 4.891505483
4.891512467 4.908357905
4.908366844 4.924999406
4.925006111 4.941642302
4.941651242 4.958322915
4.958329899 4.97257249
4.972578916 4.989218461
4.989225724 5.002859581
5.002866565 5.018481398
5.018489779 5.036128054
5.036135318 5.051289759
5.05129814 5.064724984
5.064733085 5.081280162
5.081291057 5.098342945
5.098351605 5.114667645
5.114676864 5.131140969
5.131147673 5.14806295
5.148069934 5.164849163
5.164856985 5.18164627
5.181653254 5.194388671
5.194396773 5.209346718
5.209355379 5.225781208
5.225790148 5.240022124
5.240029947 5.256841581
5.256852476 5.273656009
5.273663273 5.289875107
5.289884606 5.306312114
5.306321333 5.323775227
5.323785284 5.340366722
5.340380131 5.356358418
5.356374342 5.373847513
5.373862879 5.391507858
5.391523503 5.40831586
5.408329828 5.42478639
5.424797285 5.441726251
5.441736029 5.458092019
5.458100959 5.473896821
5.473904085 5.491738195
5.491747693 5.508227161
5.508241409 5.52417025
5.524185056 5.541943178
5.541950721 5.557898839
5.557913645 5.575272554
5.575286243 5.591136303
5.591151948 5.607716622
5.607732825 5.624514846
5.624523786 5.640936766
5.640944029 5.657746445
5.657756502 5.67501456
5.675020986 5.691459668
5.69146777 5.707746932
5.707760621 5.724480345
5.724489005 5.741159559
5.741181071 5.758002204
5.758009467 5.775166395
5.775174218 5.791278779
5.791287998 5.808001016
5.808009677 5.823219709
5.823229766 5.839890823
5.839903115 5.856569199
5.856579535 5.873181088
5.873192542 5.900474499
5.900482042 5.916849486
5.91686094 5.933488194
5.933499648 5.950224399
5.950234457 5.96711202
5.967119283 5.983649039
5.983659654 5.999953902
5.999961166 6.016979531
6.016990147 6.031357616
6.031365718 6.047880665
6.047890442 6.064256769
6.064266826 6.081754524
6.081764581 6.102894082
6.102903301 6.117348433
6.117357094 6.13407905
6.134087152 6.150262114
6.150270215 6.16740228
6.167410941 6.183509915
6.18351662 6.200142754
6.200149459 6.21487675
6.214884572 6.230107457
6.230113883 6.244576614
6.244583039 6.259275689
6.259282673 6.291975097
6.291982919 6.309580686
6.309590185 6.325186301
6.325196917 6.34173589
6.34175321 6.356389987
6.356402838 6.374963577
6.374977545 6.387786715
6.387800404 6.402918526
6.402933053 6.417931888
6.417938872 6.431489755
6.431496739 6.445841021
6.445847725 6.461318128
6.461332935 6.477949011
6.47795851 6.494550843
6.494558945 6.509912572
6.509921512 6.526571672
6.526579215 6.543324919
6.543333021 6.561385593
6.561392578 6.578034079
6.578041342 6.595421205
6.595428468 6.611815745
6.611824964 6.628010542
6.628021437 6.644686126
6.644696462 6.663129252
6.663138471 6.691990181
6.692002193 6.708619949
6.708631961 6.723432726
6.723441666 6.736242733
6.736249717 6.75218666
6.752198952 6.769637481
6.769645303 6.786300492
6.786307477 6.803195935
6.803204316 6.819768992
6.819778491 6.836254885
6.836264663 6.85273659
6.85274553 6.86973484
6.86974797 6.886385559
6.886394499 6.908692025
6.908701523 6.925210047
6.92521759 6.941818302
6.941826404 6.952524132
6.952531116 6.969310903
6.969317887 6.986075044
6.986083425 7.002957079
7.002965739 7.020029639
7.020047239 7.036506874
7.036524753 7.053184132
7.053198101 7.069805518
7.069820325 7.086456798
7.086469649 7.100176696
7.100185357 7.116946147
7.116954808 7.131571749
7.131580409 7.148198164
7.148207104 7.16140934
7.161416045 7.17816119
7.178167895 7.194646805
7.19465351 7.211423517
7.211432177 7.22806418
7.2280734 7.244730264
7.244739483 7.261383499
7.261393556 7.302192875
7.30219986 7.31693609
7.316947265 7.331716739
7.331724002 7.345416246
7.345436081 7.362150496
7.362166978 7.378915475
7.378924694 7.403168837
7.403178894 7.42055261
7.420562109 7.434140093
7.434147915 7.448649198
7.448663446 7.462252603
7.462261543 7.478168873
7.47817893 7.501943961
7.501952621 7.519850148
7.51986691 7.536343304
7.536358669 7.549845021
7.549860107 7.566315272
7.566331475 7.583652668
7.583668592 7.600439719
7.600447541 7.616207925
7.616220776 7.63182248
7.631829464 7.648378492
7.648385756 7.664921378
7.664930038 7.67930533
7.679312314 7.694778524
7.694787464 7.711559429
7.711568369 7.72813863
7.728145894 7.741987318
7.741998772 7.757405201
7.75741414 7.774205658
7.774215156 7.791928861
7.791941153 7.807164596
7.807174653 7.821434846
7.821442948 7.836487877
7.836497375 7.848772397
7.848786645 7.865378419
7.865394064 7.88169027
7.881705356 7.898533192
7.898547719 7.915245371
7.915262692 7.930306784
7.930325222 7.941908259
7.941921389 7.959060437
7.959077478 7.975699983
7.975707246 7.989813509
7.989821052 8.005344812
8.00535431 8.022948167
8.022955989 8.039683254
8.039691635 8.056270279
8.05627866 8.090405902
8.090413165 8.108833384
8.108842324 8.125506731
8.125516789 8.140126188
8.140134569 8.156300032
8.156307295 8.17266943
8.172679487 8.189194994
8.189202537 8.20591332
8.205923377 8.222804294
8.222813793 8.23932874
8.239337401 8.25624374
8.2562524 8.272331258
8.272338522 8.290377687
8.290386068 8.307002703
8.307010525 8.331261654
8.331270873 8.347965452
8.347972995 8.364673442
8.364682382 8.381591514
8.381600454 8.396550957
8.396562131 8.411586946
8.411599238 8.428328459
8.428336001 8.444981135
8.444991471 8.45674939
8.456759727 8.473056211
8.473066547 8.490311757
8.490322652 8.507001866
8.507010247 8.52350145
8.523513462 8.540044892
8.540056625 8.556727738
8.556743104 8.573467019
8.573480428 8.58755093
8.587563781 8.60338283
8.603395402 8.620601779
8.620610439 8.637091864
8.637102479 8.653336385
8.653347281 8.667368616
8.667382864 8.698627896
8.698640467 8.71521967
8.715230286 8.731837146
8.7318486 8.748856067
8.748864728 8.761821963
8.761831461 8.77830562
8.778316236 8.793490233
8.793505598 8.808812851
8.808823187 8.840334175
8.840342835 8.857459817
8.857466801 8.875654865
8.875665481 8.907290448
8.907300226 8.925593894
8.925601437 8.941129667
8.941143076 8.953230646
8.953269199 8.967183817
8.967198064 8.982788594
8.982805076 9.00043916
9.00044782 9.016252343
9.016258489 9.032857247
9.032867025 9.048614557
9.048632436 9.061487144
9.061494128 9.077106167
9.077114268 9.108974184
9.108985358 9.125587468
9.125596408 9.141502341
9.141512398 9.156988945
9.156998443 9.173614803
9.173622904 9.185164593
9.18517884 9.201802742
9.201815034 9.218615772
9.218623315 9.234135622
9.234149311 9.248568462
9.248576564 9.261612019
9.261618723 9.27639658
9.27640524 9.317606008
9.317620255 9.337059317
9.337067139 9.35066384
9.350674736 9.36718214
9.367192477 9.383916111
9.383927845 9.400840049
9.400851503 9.417555581
9.417564521 9.434010746
9.434018569 9.450909262
9.450916525 9.467596859
9.467605798 9.483899489
9.483908987 9.500556354
9.500563338 9.534352828
9.534362047 9.551142114
9.55115245 9.567898712
9.567905975 9.584058028
9.584068085 9.600673548
9.600683605 9.617663975
9.617671239 9.634754696
9.634765312 9.650601681
9.650610062 9.666657912
9.666665455 9.682271349
9.682280847 9.698900557
9.698909496 9.715377511
9.715385054 9.742636283
9.742645781 9.761948515
9.761957175 9.77656378
9.776570485 9.792396518
9.792405178 9.81010715
9.810117207 9.826926605
9.826933868 9.842587534
9.842596753 9.859027054
9.859035994 9.873811334
9.873818039 9.890429648
9.89043775 9.907052152
9.907060533 9.923686109
9.923693373 9.940461985
9.940471204 9.957093708
9.957102927 9.970182522
9.970190065 9.985211248
9.985222422 10.000722994
10.000734448 10.017532394
10.017539658 10.033922467
10.033931127 10.048307814
10.049489249 10.061830203
10.061837466 10.077060072
10.077068732 10.090279349
10.090288568 10.10667026
10.106681714 10.123745335
10.123757348 10.14043321
10.140442429 10.153557505
10.153566165 10.169028463
10.169041035 10.184113342
10.184125635 10.200779985
10.200790601 10.217379582
10.217389918 10.230930187
10.230940523 10.247572804
10.247580906 10.261917086
10.261925467 10.277648974
10.277657355 10.290471274
10.290478258 10.307104951
10.307113611 10.344589604
10.344599661 10.361212387
10.361220209 10.37381818
10.373827399 10.390228365
10.390240098 10.40665252
10.406660342 10.423282846
10.423292903 10.438473044
10.438484219 10.453654304
10.453669111 10.469715563
10.469724502 10.48648613
10.486495349 10.503262006
10.50326899 10.515454894
10.515463555 10.532221272
10.532229933 10.548856907
10.54886417 10.564910343
10.564919282 10.581682029
10.581691248 10.598310397
10.598317381 10.614943238
10.614952458 10.629433908
10.629441451 10.645374759
10.645385096 10.661973797
10.661983016 10.678752186
10.678759729 10.695383071
10.695395642 10.712008089
10.712018146 10.72864037
10.728647913 10.745427421
10.745436919 10.76194572
10.761954939 10.778810714
10.778817977 10.795446626
10.795456125 10.812357714
10.812367212 10.82870225
10.828710072 10.845345706
10.845355204 10.862540629
10.862550686 10.87874185
10.878749672 10.895938448
10.895947667 10.911563898
10.911573956 10.928558795
10.928566617 10.948769745
10.948779802 10.96270671
10.962715929 10.978078777
10.97808604 10.990508569
10.990518347 11.006676824
11.006686881 11.023347379
11.023354363 11.037828829
11.037838327 11.053780576
11.053789516 11.070399449
11.070406713 11.086030206
11.086038028 11.098336519
11.098345459 11.115685929
11.115696545 11.132281056
11.13229279 11.146623383
11.14663791 11.162101047
11.162109987 11.1751203
11.175135665 11.1902658
11.190276416 11.207012901
11.207023238 11.223720331
11.22372955 11.238672791
11.238683686 11.255430785
11.255443636 11.270643614
11.270651157 11.285402474
11.285412531 11.299179921
11.299188581 11.315811645
11.315820584 11.331773729
11.331785183 11.348568042
11.34857782 11.365412084
11.365419627 11.381978433
11.381987094 11.398517128
11.39860876 11.413853715
11.413865448 11.430940522
11.430951138 11.447440944
11.447454633 11.462141695
11.462155663 11.47608369
11.476093189 11.50697784
11.50699125 11.52428423
11.524293728 11.540188487
11.540198544 11.555900537
11.555911433 11.574148947
11.574156211 11.598889521
11.598898181 11.620792864
11.620803201 11.640605997
11.640620803 11.656963662
11.656976233 11.673131359
11.673149238 11.68981281
11.689827057 11.706483644
11.706491745 11.745729414
11.745737795 11.766461935
11.766470595 11.782093533
11.78210387 11.799078652
11.799089826 11.816325537
11.816334197 11.84035764
11.840369373 11.857240234
11.857280463 11.874571209
11.874577914 11.89012933
11.890137431 11.907454717
11.907465054 11.924390667
11.924398489 11.941028536
11.941039431 11.957711664
11.957721162 11.974252032
11.974260134 11.990610817
11.990620315 12.007702653
12.007711872 12.024209779
12.024217322 12.04063589
12.040645109 12.06243782
12.062447318 12.073975602
12.073984821 12.090886409
12.090900657 12.107629599
12.107643009 12.124434249
12.124445424 12.140816778
12.140825997 12.165315981
12.165326877 12.190369445
12.190377546 12.207432228
12.207441168 12.223601881
12.2236111 12.240738696
12.240745401 12.257728004
12.2577389 12.274485443
12.274494382 12.290274042
12.290281865 12.306975046
12.306983427 12.324054312
12.324061576 12.34086036
12.340874049 12.3576069
12.357616119 12.374093912
12.374106205 12.390916722
12.39092622 12.407538386
12.407550678 12.424306439
12.424313703 12.440796523
12.440810212 12.45842558
12.458435079 12.474919577
12.474932707 12.490548378
12.490557597 12.505333498
12.505348025 12.520787416
12.5207944 12.533566135
12.533574796 12.549149681
12.549158341 12.565781682
12.565788667 12.582435475
12.582445532 12.599348519
12.599358297 12.615837485
12.615845587 12.632177552
12.632186771 12.648810671
12.648820449 12.665328134
12.665337073 12.679639729
12.679650625 12.695728365
12.695742613 12.712294717
12.712303377 12.728949628
12.728961361 12.745565705
12.74557688 12.762179269
12.762191562 12.774210129
12.774221024 12.79084213
12.790852187 12.807488939
12.807496202 12.823653843
12.823661665 12.840405132
12.840414351 12.857148881
12.857157821 12.871035562
12.871043105 12.887197394
12.887206892 12.903931084
12.903945052 12.920440445
12.920450222 12.937053451
12.937063229 12.954023762
12.954036893 12.965858228
12.965865212 12.982480453
12.982487717 12.999101559
12.999111058 13.015337143
13.015344406 13.03198032
13.03198898 13.048723789
13.048734684 13.062453466
13.06246045 13.078119704
13.078126408 13.094723768
13.094732708 13.11135661
13.111364432 13.12773355
13.127742769 13.140993057
13.141002835 13.157541251
13.157549632 13.174211524
13.174220464 13.190843807
13.190854981 13.207041675
13.207049776 13.223913093
13.22392315 13.240385299
13.240395915 13.254054354
13.254061618 13.269011003
13.269019663 13.286507641
13.286527196 13.301962677
13.301973014 13.318667595
13.318677652 13.332599533
13.332612384 13.34940055
13.349422341 13.365948185
13.365961874 13.382512579
13.382519843 13.3990577
13.399073065 13.415502248
13.415515936 13.432130897
13.432139837 13.445899128
13.445909186 13.460655751
13.460668881 13.476497988
13.476505811 13.490906804
13.490917979 13.504280569
13.504296214 13.520867594
13.520881004 13.561278597
13.561293682 13.574323272
13.574335005 13.587530256
13.587541431 13.602729675
13.60274504 13.619525385
13.61954103 13.636318021
13.636333945 13.652912589
13.652928792 13.669827029
13.669838203 13.687575933
13.687586269 13.704229726
13.704239783 13.72103186
13.7210408 13.737525019
13.737531724 13.754178811
13.75418803 13.770777848
13.770786788 13.786656124
13.786663667 13.800216226
13.800226284 13.816325816
13.816342578 13.8333886
13.833403127 13.849111267
13.849121883 13.865456641
13.865466419 13.883227336
13.8832346 13.899810448
13.899820225 13.915495403
13.915506857 13.954231332
13.954239713 13.983138636
13.983147576 13.999786004
13.9997969 14.016375543
14.016388114 14.033012853
14.033022631 14.04930878
14.049323586 14.066190253
14.066199193 14.08271079
14.082720847 14.099003363
14.099019007 14.115877854
14.115892381 14.132478287
14.132493373 14.149050226
14.149061121 14.166339575
14.166347118 14.183097012
14.183107069 14.207628342
14.20764231 14.223980699
14.223987683 14.241023647
14.241035939 14.266031016
14.266060349 14.28242891
14.282443157 14.298550792
14.298566716 14.314969079
14.3149864 14.331599126
14.331616726 14.346314682
14.346322225 14.362518139
14.362527917 14.398955731
14.398965509 14.407834513
14.407842336 14.424466794
14.424478527 14.439371483
14.439380981 14.454855573
14.454862837 14.466019563
14.466028223 14.487670358
14.487681254 14.504438411
14.504445395 14.520923188
14.520932407 14.537557425
14.537566365 14.554186076
14.554193339 14.566081162
14.566089543 14.580417062
14.580425723 14.630322288
14.63033011 14.641038734
14.641050746 14.655380221
14.655389719 14.672187385
14.672195207 14.688735577
14.688745355 14.705587441
14.705596101 14.722498807
14.722509702 14.738363673
14.738374009 14.75567118
14.755681237 14.77137513
14.77138379 14.788862828
14.788878193 14.804252493
14.804263109 14.820826947
14.820836166 14.837753959
14.837764295 14.856320843
14.856331179 14.874837441
14.874846381 14.890955413
14.890964352 14.912945357
14.912955694 14.929084281
14.929095455 14.945725503
14.945733884 14.962760348
14.962770405 14.978834459
14.978846192 14.995478473
14.995486016 15.012330336
15.012342348 15.029326352
15.029336688 15.045914213
15.045921197 15.057837796
15.057848412 15.074653342
15.07466731 15.090788911
15.09079785 15.10742259
15.107433764 15.123194146
15.123206159 15.139975888
15.139986784 15.156616551
15.156628844 15.17108906
15.171104425 15.186416987
15.186430117 15.199858919
15.199874843 15.216224965
15.216239771 15.24205227
15.242069311 15.257960717
15.257971891 15.274051867
15.274060248 15.290970778
15.290978321 15.307509751
15.30751897 15.324018274
15.324031963 15.340562277
15.340571216 15.357300158
15.357310495 15.373974064
15.373982725 15.390845762
15.390852747 15.40774288
15.407759921 15.424828293
15.42484729 15.441345756
15.441360562 15.457786113
15.457803992 15.474423983
15.474440745 15.491306015
15.491316351 15.508133853
15.508145307 15.524531189
15.524558846 15.540816218
15.54082879 15.557766139
15.557782622 15.574633924
15.574652362 15.591086575
15.591102219 15.607644546
15.607662425 15.624970489
15.624980267 15.641506391
15.64152036 15.658247903
15.658263826 15.676144312
15.676159677 15.691528671
15.691545153 15.708135249
15.708150056 15.724261322
15.724275849 15.740942213
15.740960371 15.758312855
15.758331014 15.774947931
15.774964135 15.791262295
15.791278778 15.808287922
15.808317535 15.824842261
15.824857347 15.841462531
15.841479014 15.85817443
15.858191751 15.875323817
15.875336109 15.89193319
15.891942129 15.908746779
15.908755998 15.925137131
15.925145792 15.94176578
15.941776955 15.958457847
15.958466787 15.9750932
15.975100743 15.991494447
15.991505342 16.008400786
16.008412799 16.02479477
16.0248079 16.041432358
16.041446047 16.058356856
16.058367193 16.075809353
16.0758236 16.093121609
16.093135577 16.109289587
16.109306349 16.124654668
16.124670033 16.141337515
16.141351483 16.157854418
16.157871459 16.174167944
16.17418275 16.190984607
16.190999134 16.207603199
16.207619402 16.224999543
16.225024686 16.241804194
16.241811737 16.258044246
16.258059332 16.274931589
16.274942205 16.290877748
16.29089004 16.307947237
16.307956456 16.323860153
16.323869931 16.340509475
16.340518695 16.357203777
16.357213554 16.373771803
16.373790521 16.390284517
16.390292619 16.406846399
16.406864278 16.433367088
16.433376587 16.449916397
16.44992841 16.46613019
16.4661436 16.483007196
16.483024238 16.499591425
16.499610702 16.516342717
16.516358641 16.531502744
16.531519506 16.546480346
16.546496549 16.563176044
16.563189733 16.576888121
16.576904045 16.593831895
16.593841114 16.607668571
16.607675555 16.624729676
16.624738057 16.641385426
16.641393807 16.657702025
16.657709009 16.674331232
16.674339613 16.691108226
16.691120238 16.707734359
16.707744137 16.722208267
16.722219442 16.738254442
16.738266734 16.755329515
16.755339573 16.771410331
16.771422344 16.788057976
16.788071107 16.802524061
16.802583845 16.816508799
16.816518018 16.83301397
16.833024866 16.84996333
16.849971153 16.866655956
16.866664616 16.883006357
16.883016693 16.900810295
16.900818397 16.913179466
16.91319064 16.929613399
16.929626809 16.946525044
16.946533425 16.96308106
16.963090838 16.979477557
16.979487614 17.017427632
17.017441321 17.033217347
17.033232712 17.049481427
17.049494836 17.063080641
17.063090977 17.083376516
17.08339244 17.099477725
17.099490576 17.116365344
17.116372608 17.129822363
17.129835493 17.145525198
17.145538886 17.162080094
17.162094621 17.178739474
17.178755957 17.19522928
17.195246042 17.208320049
17.208334296 17.224858464
17.224869918 17.241501641
17.241517844 17.258108779
17.258117719 17.274657811
17.274669823 17.291299031
17.29131272 17.313134209
17.313143148 17.324327811
17.32433703 17.338089056
17.338097716 17.354072652
17.354079357 17.370849924
17.370858585 17.387504275
17.38751517 17.416829231
17.41683817 17.437476549
17.437486327 17.44656262
17.446572398 17.461178163
17.461185706 17.474919855
17.47493969 17.499942029
17.499952365 17.516299974
17.516307517 17.529923774
17.529936904 17.545975533
17.545985311 17.562790799
17.562798901 17.579764185
17.579775919 17.596807971
17.596821381 17.62489534
17.624903442 17.641622047
17.64163853 17.655125719
17.655141923 17.671468856
17.671482825 17.689400187
17.689415832 17.704845446
17.704859694 17.721861854
17.721873867 17.738273717
17.738280702 17.754771902
17.754780562 17.771663435
17.771673213 17.788287336
17.7882946 17.804934981
17.804944479 17.821517816
17.821526476 17.838036118
17.838042822 17.855128232
17.855137172 17.867466952
17.867477009 17.883289355
17.883297457 17.900628429
17.900637648 17.916137943
17.916146882 17.93291242
17.932919125 17.949987496
17.949996156 17.96661028
17.966619778 17.983382243
17.983389227 18.000006702
18.000014804 18.01664038
18.01664932 18.033380498
18.033390555 18.049590657
18.049599597 18.066886432
18.066902914 18.083466472
18.083482675 18.100354092
18.100369737 18.116672647
18.116687174 18.13366559
18.133681514 18.150090302
18.150110137 18.166720349
18.166733759 18.182968503
18.18298303 18.20024947
18.200265952 18.216913041
18.216928406 18.233691152
18.233708473 18.250036245
18.250053845 18.266633886
18.266648133 18.28324689
18.283263094 18.299563769
18.299580531 18.31614325
18.316158336 18.332618249
18.332636128 18.34899575
18.349015026 18.365929466
18.365939244 18.383550701
18.383569139 18.40013968
18.400153648 18.418488939
18.418497041 18.433270428
18.433288028 18.450022556
18.450031775 18.466657911
18.466666292 18.483345506
18.483356402 18.498746905
18.498758639 18.515290628
18.515299847 18.531974871
18.531983252 18.548440372
18.548449312 18.565156183
18.565163726 18.580176528
18.58019329 18.596785343
18.596802385 18.613657041
18.613678273 18.632506083
18.632515302 18.650218113
18.650235433 18.666361784
18.666374914 18.682563564
18.682572783 18.699158968
18.699170422 18.716009993
18.716020609 18.732342515
18.732355087 18.747529362
18.747538581 18.76483687
18.764845809 18.783078293
18.78308807 18.800212315
18.800220416 18.816755479
18.816763301 18.833303393
18.833313171 18.849935673
18.84994573 18.866596171
18.866603714 18.883257785
18.883268122 18.899520466
18.899529685 18.916206666
18.916217561 18.933102389
18.933112167 18.949609236
18.949624601 18.96691758
18.966931828 18.983571932
18.983582548 19.008122258
19.008135668 19.021430375
19.021437639 19.0380783
19.038090034 19.050136816
19.050157769 19.066612654
19.066622711 19.083526254
19.083537988 19.099732226
19.099743959 19.116647226
19.116656165 19.133425894
19.133436789 19.150494824
19.150504881 19.167169846
19.16719443 19.217495797
19.217507531 19.233462071
19.233470732 19.250017528
19.250025629 19.267072769
19.267082546 19.283705049
19.283714268 19.300815883
19.300825661 19.316570957
19.316580176 19.333182007
19.333191785 19.350718036
19.350724741 19.367629402
19.367645606 19.384227323
19.384236821 19.399885179
19.399892163 19.416976177
19.416985396 19.442013157
19.442022097 19.458633427
19.45864069 19.475329684
19.475338065 19.495100353
19.495116276 19.510995947
19.511014385 19.52598277
19.525999252 19.542686287
19.542701652 19.558638037
19.558655357 19.57542816
19.575437938 19.591422651
19.591430752 19.608973205
19.60898438 19.633945652
19.63395543 19.650590785
19.650599725 19.66807485
19.668086862 19.68543432
19.685446332 19.70203196
19.702041179 19.718149651
19.718160267 19.734898427
19.734909042 19.752001439
19.75200982 19.768260209
19.768273339 19.785022955
19.785037482 19.82494367
19.824954565 19.841844422
19.84185392 19.858990176
19.858999674 19.87514642
19.875164579 19.891823399
19.891834015 19.908431376
19.908439198 19.926049537
19.926059594 19.94158084
19.941590898 19.95520017
19.955207992 19.968782064
19.968791283 19.984110268
19.984120046 20.000341382
20.000348645 20.016996849
20.017007745 20.033911291
20.033921068 20.052572041
20.052579864 20.066998736
20.067007397 20.08397743
20.083986649 20.100623959
20.100631782 20.117305968
20.117314908 20.133875672
20.133885449 20.150606569
20.150616347 20.174455969
20.174465467 20.192038092
20.192048429 20.208630144
20.208639922 20.238592332
20.238599875 20.261657834
20.261674317 20.28318543
20.283199957 20.299772455
20.299779998 20.316820709
20.31683356 20.333813653
20.333824828 20.3504342
20.35044286 20.367060336
20.367070672 20.383962764
20.383973101 20.399309964
20.399318066 20.416193955
20.416205129 20.4320943
20.43210296 20.458668069
20.458675891 20.478955283
20.478965061 20.492184618
20.492200263 20.508400088
20.508414335 20.527439378
20.52744748 20.541842886
20.541853222 20.557399611
20.557408551 20.573914838
20.573922102 20.590516111
20.590524492 20.607097546
20.60710928 20.623455772
20.623464991 20.637134047
20.637144663 20.650765946
20.6507774 20.667164958
20.667172501 20.684035818
20.684045037 20.700643793
20.700652733 20.716815682
20.716822666 20.733365272
20.733380917 20.750253171
20.750262949 20.765534444
20.765543104 20.782125099
20.782134598 20.79817267
20.798182448 20.814542349
20.814553244 20.832228396
20.83223957 20.850053844
20.850063622 20.867135066
20.867145124 20.883729912
20.883740807 20.900178651
20.900189826 20.916733828
20.9167464 20.933617817
20.93362536 20.94886333
20.948880651 20.9638373
20.963853783 20.97992901
20.979939347 20.996516873
20.996531121 21.013274589
21.013290233 21.025680915
21.025697118 21.042307051
21.042323813 21.059011687
21.059022861 21.075651232
21.075662686 21.092362573
21.092400846 21.107125623
21.107147134 21.121628585
21.121640039 21.138086541
21.138105538 21.155373096
21.155386226 21.171283778
21.171294673 21.188020262
21.188037024 21.200792835
21.200805127 21.215563707
21.215578793 21.230599137
21.230615899 21.245882366
21.245898289 21.259122595
21.259139356 21.273885645
21.273900172 21.288968847
21.28897639 21.307283184
21.307296035 21.325524331
21.325534668 21.341864116
21.341874174 21.358493325
21.358501147 21.375269201
21.375277303 21.393446929
21.393462015 21.408470347
21.408478449 21.425078883
21.425088381 21.441829056
21.441838555 21.458468601
21.458478379 21.475316274
21.475327728 21.492390789
21.492400287 21.507315313
21.507324811 21.524174997
21.524184216 21.540475392
21.540484332 21.558572386
21.558580767 21.575719816
21.575728197 21.59204312
21.592052898 21.608921523
21.608933256 21.624158094
21.624170665 21.639806173
21.639814554 21.653013998
21.653022937 21.668769072
21.668783319 21.685820123
21.685828224 21.700172226
21.700181166 21.715709675
21.715718335 21.732215125
21.732224903 21.748894339
21.748904955 21.765600373
21.765610709 21.781920884
21.781933455 21.79859535
21.798606525 21.815543313
21.815558399 21.833680255
21.833692827 21.850938036
21.850958988 21.867306595
21.867323916 21.883641354
21.883655322 21.900234803
21.900252124 21.917370222
21.917378044 21.934151964
21.934166491 21.953428994
21.953436816 21.967216501
21.967230749 21.983755195
21.983769163 22.00075093
22.000762105 22.01711139
22.017127593 22.034076953
22.034089804 22.051492575
22.051500118 22.067459688
22.067473936 22.083816236
22.08383216 22.109746906
22.109755846 22.125835822
22.125855937 22.142115267
22.142129514 22.158788892
22.158803419 22.175428718
22.175443245 22.192345393
22.192458256 22.208987731
22.209009521 22.225939328
22.225953296 22.24244729
22.242462097 22.259018392
22.259038786 22.275666597
22.2756828 22.292298599
22.292313964 22.309447428
22.309463072 22.325987796
22.326002044 22.350652385
22.350667471 22.367254493
22.367279357 22.383951868
22.38396835 22.417851986
22.417863999 22.434318885
22.434327824 22.451002009
22.451015139 22.467631498
22.467647142 22.517285575
22.517302057 22.533953334
22.533971772 22.550938734
22.550953261 22.585392274
22.58540736 22.607371605
22.607381662 22.617073395
22.617083173 22.633685005
22.633694224 22.650503344
22.650515916 22.667265249
22.66727363 22.684043081
22.684051462 22.700668936
22.700679272 22.717285574
22.717295072 22.733753869
22.733763368 22.750827266
22.750836206 22.767451168
22.76745899 22.784218661
22.78422788 22.800423794
22.800433013 22.817081219
22.817092393 22.834436217
22.834446553 22.850769578
22.850779915 22.867536233
22.867543776 22.883720693
22.883727677 22.901109496
22.90112067 22.917051744
22.917060405 22.932295861
22.932306477 22.942793565
22.942801667 22.959098987
22.959107927 22.975875701
22.975886317 22.992490663
22.992500999 23.009109255
23.009119033 23.025690134
23.025698515 23.042528867
23.042539483 23.059187406
23.059197184 23.0758412
23.075850978 23.092017838
23.092027336 23.108812151
23.108820252 23.126702972
23.126718337 23.143370174
23.143379393 23.160134874
23.16014549 23.175619524
23.175629861 23.190739322
23.190749379 23.204991413
23.205000353 23.21990979
23.219916775 23.235238273
23.235247772 23.250941946
23.250952842 23.267504666
23.267515561 23.284138902
23.284147563 23.300732911
23.300747997 23.317671935
23.317681154 23.334539443
23.334549779 23.351268105
23.351278441 23.367270138
23.367277681 23.383721951
23.383732846 23.400383564
23.400391387 23.417148824
23.417160278 23.433884192
23.43389369 23.449184738
23.449195075 23.465824844
23.465832107 23.478694077
23.47870134 23.494311704
23.494329025 23.511106577
23.511123059 23.527725726
23.527741929 23.54280865
23.542823456 23.559120221
23.559128602 23.576112882
23.576122101 23.603645152
23.603655209 23.619858666
23.619874589 23.637544714
23.637560079 23.653165692
23.653174631 23.66963259
23.669643765 23.686714929
23.686727779 23.70341314
23.703424314 23.720110793
23.720119174 23.736135455
23.736148026 23.751256091
23.751268104 23.767516539
23.767527155 23.782460059
23.782471234 23.794880351
23.794889849 23.810641573
23.810651071 23.825558274
23.825567493 23.842585018
23.842595354 23.859189643
23.859198862 23.875987307
23.87599513 23.89259277
23.892608414 23.908841763
23.908858804 23.925986121
23.926002604 23.942557221
23.942571469 23.960118392
23.960133478 23.976751231
23.976766037 23.992225266
23.992241748 24.009054221
24.009070144 24.025548216
24.02556386 24.042621057
24.042629997 24.059231826
24.059247749 24.075565746
24.075574686 24.092361177
24.092372072 24.110336367
24.110348939 24.125973269
24.125982209 24.142749145
24.142758364 24.159506304
24.159514964 24.175706685
24.175715625 24.192621685
24.192629228 24.209275477
24.209285535 24.225883455
24.225891836 24.242362922
24.24237242 24.259001351
24.25901029 24.275617708
24.275626927 24.292389672
24.292398053 24.308875287
24.308885903 24.325518742
24.325530755 24.342127837
24.342138453 24.358660106
24.358667369 24.375117504
24.375124768 24.39260632
24.392615539 24.426159188
24.426167569 24.442308447
24.442319063 24.458251534
24.458258798 24.47486035
24.474867334 24.492345252
24.492353913 24.508957141
24.508968875 24.525695302
24.525706197 24.542348535
24.542357196 24.557797706
24.55780916 24.57433165
24.574341987 24.590994941
24.591004998 24.607659909
24.607669687 24.624062831
24.624070933 24.640853792
24.640864129 24.657541109
24.657551445 24.673719422
24.673728641 24.714426549
24.714433533 24.740143228
24.740152447 24.757128905
24.75714008 24.773641339
24.773653352 24.790202383
24.790211043 24.806711464
24.806718728 24.823487339
24.823494044 24.840479443
24.840492015 24.857141896
24.85715335 24.873802114
24.873811612 24.889851361
24.889861139 24.906362956
24.906373292 24.924123034
24.924137002 24.940942212
24.940952828 24.9574837
24.957493757 24.973959536
24.973966799 24.989141633
24.989150294 25.009515173
25.00952523 25.026136839
25.026145779 25.042757106
25.042764091 25.057732474
25.057740855 25.075686152
25.075695371 25.093743755
25.093755768 25.109204379
25.109212201 25.125847834
25.125857333 25.141089157
25.141099494 25.158186581
25.158196918 25.174850152
25.174857136 25.19155926
25.191569596 25.20792754
25.207936479 25.225003733
25.225012673 25.241575951
25.241587964 25.258455471
25.258463014 25.276281759
25.276289023 25.309699414
25.309708354 25.326938196
25.326952165 25.341793996
25.341802377 25.358442202
25.358450583 25.375917885
25.375927662 25.392610231
25.39261917 25.409158702
25.409165966 25.425395124
25.425404063 25.442057019
25.442066238 25.458766124
25.45877674 25.475336667
25.475345606 25.492259489
25.492267311 25.509500227
25.50950777 25.525589701
25.52559864 25.549791661
25.549799204 25.567861554
25.567868538 25.59275997
25.592770028 25.609502321
25.609510702 25.625835683
25.625844064 25.64276493
25.642777781 25.659609528
25.659621261 25.676245162
25.67625913 25.6932395
25.693275538 25.709292379
25.709301319 25.725829397
25.72583666 25.742569513
25.742576497 25.759193135
25.759202913 25.77639979
25.776407891 25.7928259
25.792833163 25.809426335
25.809433598 25.826177625
25.826186006 25.842857958
25.842866339 25.859378493
25.859387432 25.901457306
25.90146401 25.918266145
25.918278996 25.934962961
25.934974694 25.951313082
25.951321742 25.968248475
25.968256856 25.984907016
25.984913721 26.001595171
26.001602155 26.018654323
26.018667174 26.036262707
26.036274719 26.052267532
26.052277589 26.067983776
26.06799523 26.084950179
26.084960795 26.101638613
26.101651743 26.118087352
26.118096851 26.134477423
26.134486083 26.151250226
26.151261959 26.16790737
26.167918824 26.184508642
26.184519816 26.201194842
26.201204061 26.217884951
26.217895287 26.234365538
26.234376154 26.251053412
26.251066263 26.267760564
26.267767827 26.284514649
26.284523309 26.300929584
26.300938803 26.317534768
26.317544266 26.33399021
26.333997194 26.350906606
26.350914428 26.367072349
26.36708045 26.38370435
26.383712731 26.400348644
26.400356467 26.416995732
26.417003554 26.433737245
26.43374842 26.451657121
26.451669693 26.472035408
26.472042393 26.48452303
26.484531411 26.50083432
26.500844098 26.516467313
26.516475973 26.534169004
26.534177944 26.550946276
26.550953539 26.567544755
26.567551739 26.58303974
26.583049238 26.599598269
26.599607209 26.616225243
26.616235301 26.632794107
26.632802768 26.649352359
26.649359622 26.666153655
26.66616455 26.682690115
26.682698216 26.699392238
26.699402575 26.716224543
26.716235159 26.734361208
26.734372941 26.75138879
26.751398567 26.767875522
26.767884182 26.782902013
26.782909277 26.800956822
26.800964924 26.817486017
26.817494678 26.834132547
26.834141487 26.849638428
26.849645133 26.872473453
26.872480717 26.890076249
26.890082954 26.903856492
26.903871577 26.917941802
26.917952138 26.93292555
26.932937563 26.951353588
26.951360293 26.96812276
26.968135052 26.997806141
26.997818433 27.020918017
27.020932544 27.03476084
27.034774249 27.049864154
27.049871138 27.066281326
27.06629278 27.084313785
27.084321048 27.10086505
27.100872872 27.117491746
27.117500965 27.13292499
27.132934768 27.149572079
27.149582136 27.16401358
27.164020285 27.179352679
27.179359943 27.197182879
27.197194891 27.212765585
27.212775083 27.229552635
27.229561854 27.246175698
27.246183241 27.259814301
27.25982352 27.277804299
27.277816311 27.30534886
27.305356962 27.3218504
27.321865765 27.334948712
27.334962122 27.355356333
27.355371978 27.371700311
27.371712324 27.388237048
27.38824906 27.404788035
27.404809267 27.421912558
27.421921777 27.437809831
27.43781877 27.451627786
27.451636447 27.46653024
27.466537224 27.48323376
27.483241024 27.496917341
27.496924325 27.51265342
27.512661522 27.529318947
27.529327607 27.551269781
27.551279558 27.576088857
27.576100031 27.592738459
27.592745444 27.609469078
27.609478018 27.62622791
27.626236012 27.642554567
27.642563228 27.659629083
27.659636626 27.676344895
27.676424234 27.691644326
27.691652986 27.708350918
27.708366562 27.725076788
27.725090476 27.741377182
27.741389474 27.758152779
27.758165071 27.772642329
27.772654621 27.786653048
27.786667016 27.801510244
27.801523654 27.834911137
27.834926223 27.851289476
27.851300092 27.867637084
27.867649935 27.884517721
27.884524985 27.901301697
27.901314548 27.918046564
27.91806165 27.934728293
27.934739747 27.952499825
27.952513514 27.968002355
27.968014647 27.984429301
27.984441314 28.001187857
28.001196797 28.018157891
28.018165713 28.034794642
28.034803023 28.052352739
28.052362796 28.068830532
28.068838075 28.085470076
28.085478178 28.101954575
28.101969102 28.14021223
28.140224801 28.151326772
28.151335432 28.167674099
28.167680524 28.184629328
28.18463687 28.201540975
28.201550194 28.218018487
28.218027986 28.23465049
28.234659989 28.258004016
28.258011559 28.267773135
28.267781795 28.284535322
28.284542585 28.301026523
28.301036021 28.317633383
28.317642603 28.334284101
28.334293041 28.350776701
28.3507862 28.367399206
28.36740619 28.384028413
28.384035397 28.40066712
28.400677177 28.418158448
28.418169064 28.440945982
28.440954922 28.451408486
28.45141575 28.467751903
28.467758887 28.484392845
28.484400947 28.501458142
28.50146764 28.517937053
28.517946551 28.534498656
28.534520446 28.550909678
28.550916942 28.567672704
28.567679408 28.584167257
28.584176197 28.600646727
28.600655108 28.617329853
28.617343821 28.633928331
28.633939785 28.650539939
28.650547202 28.667016894
28.667023599 28.683650851
28.68366007 28.7014506
28.701460098 28.717997116
28.718006335 28.734816013
28.734823277 28.751444384
28.751451089 28.76781909
28.76782803 28.784400527
28.784409467 28.801514994
28.801524213 28.816726144
28.816737039 28.833517944
28.833525766 28.850223698
28.850230961 28.867040639
28.867049858 28.883049378
28.88305748 28.899719375
28.899727476 28.916348302
28.916356962 28.933121105
28.93312781 28.949318694
28.949325678 28.959785108
28.959793489 28.992866127
28.992875626 29.008890791
29.00890001 29.02615807
29.026165054 29.042545627
29.04255289 29.059125947
29.059132652 29.076178951
29.076187612 29.093285317
29.093296771 29.109492124
29.109501064 29.125991429
29.125998413 29.142822896
29.142829881 29.159733146
29.159741807 29.176431079
29.176441137 29.193433519
29.1934419 29.226563707
29.226570691 29.234585118
29.234592381 29.251224105
29.251231368 29.267843256
29.267852195 29.284901848
29.284911346 29.301541115
29.301550613 29.318028125
29.318035109 29.33464588
29.334653144 29.351277044
29.351286263 29.368203776
29.368214392 29.384840807
29.384851703 29.402653964
29.402666815 29.417783821
29.417791364 29.434507455
29.434516395 29.451136383
29.451145044 29.467787383
29.467798278 29.484836757
29.484843741 29.501698956
29.50170566 29.518406944
29.518416163 29.534472674
29.534481893 29.551290732
29.551299672 29.576453707
29.57646125 29.593104986
29.593112529 29.610038702
29.610046245 29.626220368
29.626229028 29.643023341
29.643032281 29.660209604
29.660219103 29.67656671
29.67657537 29.694043513
29.694053012 29.746230872
29.746239532 29.760794734
29.760803674 29.776265974
29.77627631 29.792872554
29.792885405 29.808123375
29.808130638 29.824723809
29.82473219 29.837328484
29.837336865 29.851624713
29.85163477 29.867961427
29.867968691 29.885035943
29.885044603 29.893344542
29.893355437 29.909918994
29.909927934 29.926270235
29.926278616 29.941451494
29.941457919 29.952764943
29.952771089 29.969423484
29.969430469 29.986121976
29.98612896 30.002894778
30.002902879 30.019678195
