0.012786261 0.029959953
0.029991521 0.043687675
0.043694939 0.062656008
0.062664389 0.085025051
0.085033432 0.101648674
0.101657334 0.118714528
0.118722909 0.132327153
0.132335813 0.149417035
0.149424019 0.165639487
0.165653735 0.182537446
0.182552252 0.195546081
0.195553624 0.212235912
0.212242896 0.228663699
0.228671521 0.245143725
0.245151268 0.265790206
0.265799704 0.282424441
0.282431704 0.299058399
0.299065663 0.315689285
0.315698225 0.332303406
0.332312346 0.34593419
0.345942292 0.361706306
0.361715245 0.37769493
0.377705267 0.401423924
0.40143901 0.410949994
0.410959213 0.427759952
0.427766936 0.444390279
0.444397542 0.461055524
0.461062787 0.476786295
0.476793558 0.493418578
0.49342612 0.510171543
0.510178248 0.523928599
0.523935863 0.537641796
0.537650736 0.553057999
0.553066659 0.568832072
0.568839335 0.585142245
0.585149508 0.601759162
0.601766146 0.618446758
0.618453742 0.63507401
0.635080715 0.651804629
0.651811893 0.668482445
0.668489709 0.68241662
0.682423884 0.703475721
0.703482705 0.720085933
0.720094873 0.736814874
0.736821858 0.753473416
0.753480679 0.77021493
0.770222193 0.786948619
0.786956441 0.801754692
0.801762235 0.818528892
0.818537273 0.835197769
0.835205591 0.852100197
0.852106622 0.867742687
0.867749671 0.904339237
0.904346501 0.918510872
0.918518136 0.9324118
0.932418784 0.946110749
0.946125834 0.962943334
0.962957861 0.97931441
0.97932782 0.995791084
0.995804494 1.010580674
1.010596039 1.026930239
1.026943928 1.037767648
1.037775191 1.054252705
1.05425941 1.071056516
1.071063221 1.090836404
1.090843389 1.104283924
1.104290629 1.121078516
1.12108522 1.14111989
1.141131065 1.15770021
1.157708032 1.174840377
1.174850155 1.193620978
1.193627962 1.210275886
1.210284546 1.224991723
1.224998149 1.238063497
1.238071319 1.254549949
1.25455805 1.271098422
1.271105406 1.299345586
1.299356761 1.311676484
1.311691849 1.326956358
1.32696418 1.340993896
1.341003395 1.35763456
1.357643779 1.374101176
1.374110395 1.399348241
1.39935774 1.415673219
1.415685232 1.430321451
1.430329273 1.446214813
1.446221518 1.462711601
1.462718585 1.4770394
1.477048619 1.490371262
1.490378246 1.516204154
1.516210579 1.533087585
1.533094849 1.547347497
1.547353922 1.562898636
1.562905341 1.574214879
1.574221584 1.589989509
1.589998449 1.607608788
1.607615493 1.623229487
1.623236471 1.639753096
1.63976036 1.655807931
1.655814636 1.67258632
1.672593024 1.689378957
1.689389293 1.704393434
1.70439986 1.721359838
1.721367102 1.73796055
1.737967255 1.75448416
1.754491703 1.771223436
1.7712307 1.782548061
1.782557839 1.799157155
1.799164698 1.815935264
1.815942528 1.831262912
1.831269617 1.847222202
1.84723198 1.863820681
1.863827106 1.880639019
1.880647679 1.896250221
1.896257484 1.913035315
1.913042579 1.929660892
1.929667876 1.94384398
1.943852082 1.956755955
1.95676266 1.973558651
1.973566473 1.991191338
1.991198881 2.007879492
2.007886756 2.023655241
2.023662784 2.038304309
2.038311293 2.054706953
2.054714216 2.071396782
2.071405163 2.091302385
2.09130909 2.107569258
2.107577359 2.124322783
2.124330884 2.140493554
2.140501097 2.157456883
2.157463588 2.176021253
2.176027958 2.19113742
2.191143845 2.207767467
2.207774451 2.221347964
2.221355227 2.237781059
2.237788602 2.254307459
2.25431584 2.270801735
2.270808161 2.288135224
2.288143605 2.304746272
2.304754932 2.321568803
2.321575787 2.33554041
2.335548232 2.34955029
2.349557833 2.366061608
2.366069151 2.382766246
2.382774906 2.399414729
2.399422831 2.416057627
2.416065449 2.429681704
2.429690085 2.444866037
2.444874418 2.460725873
2.460732298 2.483099388
2.48310721 2.499502869
2.499511809 2.516567328
2.51657515 2.532905159
2.532919686 2.549831333
2.549838596 2.566832097
2.566846065 2.583292848
2.583313521 2.599744659
2.599753878 2.616182783
2.616190326 2.633286353
2.633293337 2.648128463
2.648136565 2.661051334
2.661058877 2.68939516
2.689401865 2.705820432
2.705831048 2.7223879
2.722394326 2.735532029
2.735539293 2.750219091
2.750227472 2.766094294
2.766104072 2.782868491
2.782878548 2.79931304
2.799319745 2.810397411
2.810410541 2.826681602
2.826689425 2.843274214
2.843281198 2.860494838
2.860502661 2.875617432
2.875624137 2.891104595
2.891114372 2.907876001
2.907890807 2.925705361
2.92571905 2.942542138
2.942549122 2.959372769
2.959379473 2.976432758
2.97644058 2.992916138
2.992923681 3.009856
3.009862984 3.026173717
3.026180143 3.042811586
3.042819129 3.059156679
3.059166178 3.074509749
3.074518689 3.091271934
3.091278639 3.108043899
3.108050883 3.12465886
3.124665565 3.141330531
3.141337236 3.158988642
3.159005963 3.176404542
3.176411247 3.19304297
3.193049396 3.209669105
3.209678883 3.227155965
3.22716267 3.243211077
3.243217503 3.259758991
3.259765696 3.289416392
3.289423655 3.307931595
3.307939417 3.326775329
3.326785106 3.339282226
3.339288931 3.351691066
3.351697771 3.366362764
3.366369748 3.38302801
3.383037787 3.399452165
3.399461663 3.416235582
3.416251227 3.431050314
3.431060651 3.444083535
3.444093033 3.460440922
3.460452934 3.477188859
3.477198636 3.516265614
3.516277906 3.535961693
3.535974823 3.552416856
3.552430545 3.5663731
3.566387068 3.582101077
3.58211756 3.62412178
3.624134072 3.647907205
3.647914468 3.665107157
3.665120846 3.681749774
3.681764022 3.697713536
3.697726945 3.714601716
3.714618757 3.733227266
3.733270289 3.749684387
3.749700032 3.766321417
3.766339855 3.781035019
3.781048988 3.797675403
3.797689371 3.81463901
3.814650464 3.831280232
3.831294201 3.847682316
3.847697122 3.862891791
3.862908552 3.8776554
3.877663781 3.89412118
3.894128443 3.911017461
3.911025004 3.941781704
3.941790923 3.966557202
3.966564465 3.980501431
3.980514003 3.997214729
3.997223669 4.013824103
4.013836674 4.030558074
4.030565058 4.045510253
4.045518634 4.060968363
4.060975347 4.072853672
4.072862053 4.08846683
4.088473255 4.105110565
4.10511699 4.121760446
4.121770503 4.141400094
4.14140652 4.158255867
4.158265366 4.17490491
4.17491385 4.189422678
4.189429383 4.206181231
4.206188215 4.2212622
4.221269184 4.237510074
4.237524601 4.254495753
4.254502737 4.271137532
4.271144516 4.28761309
4.287620632 4.304275263
4.304282247 4.32077736
4.32078602 4.33582648
4.335835141 4.352588386
4.352599002 4.36941818
4.369425164 4.382972416
4.382986105 4.397887999
4.397902526 4.412865321
4.412882083 4.429953807
4.429960791 4.445548246
4.445558583 4.462831448
4.462838712 4.478464442
4.478473102 4.494225661
4.494232646 4.50818386
4.508191962 4.524884866
4.52489185 4.54146742
4.541474125 4.558046623
4.558053607 4.575061912
4.575076719 4.589685281
4.589692823 4.605064889
4.605071035 4.619663392
4.619670656 4.637565668
4.637573211 4.654993581
4.655001123 4.66940519
4.669413571 4.685932428
4.685939971 4.699816596
4.699824977 4.716779087
4.716788586 4.733388461
4.733397401 4.749703383
4.749719027 4.76660218
4.766616148 4.780410637
4.780426002 4.797451632
4.797466159 4.810939657
4.810953067 4.827128307
4.827140879 4.844462634
4.844469897 4.860515511
4.860528921 4.877371286
4.877378829 4.89179267
4.891799934 4.908442273
4.908449816 4.925333527
4.925342746 4.941821934
4.941828918 4.958271232
4.958279893 4.972872808
4.972879233 4.98942994
4.989440836 5.002761244
5.002767949 5.018186388
5.018197842 5.035955965
5.035963508 5.047980679
5.047988501 5.064478863
5.064485568 5.08132961
5.081336315 5.098119174
5.098128672 5.114807048
5.114814032 5.131283445
5.131290429 5.148312144
5.148319966 5.164750267
5.164756693 5.181594588
5.181603248 5.194456277
5.194463261 5.209496458
5.209504001 5.226177069
5.226194669 5.24021768
5.240232207 5.256660273
5.256677594 5.273664949
5.273679476 5.289869241
5.289886282 5.306217409
5.306231377 5.323589449
5.323602859 5.34147664
5.341484742 5.359489542
5.359505186 5.375059399
5.375066663 5.391595299
5.391602842 5.408236241
5.408244342 5.425013793
5.425023291 5.441433476
5.441444372 5.458195384
5.458202369 5.473812453
5.473830332 5.49159963
5.491614716 5.508340863
5.508347568 5.52415712
5.52416578 5.541788131
5.541794835 5.557707473
5.557714178 5.574919436
5.574926979 5.590937116
5.590944379 5.607579733
5.607587276 5.624227938
5.624235202 5.640833121
5.640842899 5.657888642
5.657895626 5.674967627
5.674975449 5.689754424
5.689763084 5.706425256
5.706438107 5.719374668
5.719386401 5.73291326
5.732933934 5.749627675
5.749634939 5.766641291
5.766647996 5.783342015
5.783352073 5.799611123
5.799625091 5.816380572
5.816388953 5.833138847
5.833149743 5.849678659
5.849687879 5.864736718
5.864745099 5.881458117
5.881464822 5.900375325
5.900389572 5.917007328
5.917014591 5.933719508
5.933727051 5.950465491
5.950472755 5.966967029
5.966978483 5.983370232
5.983377775 5.999999439
6.000006144 6.017178998
6.017188496 6.031640893
6.031650391 6.047515255
6.047522798 6.063989417
6.063998915 6.081479349
6.08148773 6.094517599
6.094524862 6.108866069
6.108875288 6.125060028
6.125069247 6.141818024
6.141826125 6.158446394
6.158453378 6.175655564
6.175662269 6.191565407
6.191572391 6.208538515
6.208546896 6.223247646
6.22325491 6.238594849
6.238602392 6.25306624
6.253074621 6.288630258
6.288639198 6.308532508
6.308543682 6.319697335
6.319709348 6.333491824
6.333504955 6.348167992
6.348177211 6.36696675
6.366974293 6.384359744
6.384366448 6.400018157
6.400024862 6.412500191
6.412508851 6.427919748
6.427928129 6.442903775
6.442911877 6.456421136
6.456427841 6.472968769
6.472975474 6.489846893
6.489853318 6.506447886
6.506454312 6.523123468
6.523130173 6.537108765
6.537115191 6.553723167
6.553731828 6.569541938
6.569550319 6.586876544
6.586884925 6.606555859
6.606563122 6.620140267
6.62014781 6.636209629
6.636216892 6.652832412
6.652839675 6.691468047
6.691476428 6.700078639
6.700085344 6.714862083
6.714870744 6.727790543
6.727799482 6.743682227
6.743690887 6.760393848
6.760400832 6.777864505
6.777871209 6.794502651
6.794511591 6.811077384
6.811084648 6.827612727
6.827619711 6.844211484
6.844218468 6.861178725
6.861187385 6.877326028
6.877333012 6.894688291
6.894696951 6.916750033
6.916759252 6.931599686
6.931609743 6.94824817
6.948257109 6.965002534
6.965011195 6.977614471
6.977621176 6.994379732
6.994386436 7.011146667
7.011153372 7.027808841
7.027816942 7.044576893
7.044584435 7.061210292
7.061220629 7.076835462
7.076849151 7.091876202
7.091885979 7.108649841
7.10865906 7.123261195
7.123270135 7.139895433
7.139902696 7.153071688
7.153078392 7.169849519
7.169856224 7.18633681
7.186343514 7.202973562
7.202980546 7.219744966
7.219753627 7.23636775
7.23637669 7.253164018
7.253173516 7.269795462
7.269804682 7.308660457
7.308671632 7.328578071
7.328592598 7.344771192
7.344778176 7.361977848
7.361984553 7.378597837
7.378604821 7.403223872
7.403231136 7.420356496
7.420364598 7.433600639
7.433617121 7.448457554
7.448475433 7.462207905
7.462224108 7.478087578
7.478100987 7.501605929
7.501620176 7.516798921
7.516807861 7.533580663
7.533589323 7.548238112
7.548244817 7.562374268
7.562382928 7.575157176
7.575166674 7.592233089
7.59224119 7.60789346
7.607909384 7.624748396
7.624760129 7.640265172
7.640272715 7.656872589
7.656882367 7.673540631
7.673550409 7.691988225
7.692002473 7.708607657
7.708624698 7.725396662
7.725412865 7.740094899
7.740108308 7.75677607
7.756792831 7.773984121
7.774000045 7.790590144
7.790603274 7.804833295
7.804848939 7.819824865
7.819840509 7.832095699
7.832109946 7.848456435
7.848467331 7.865200184
7.865209124 7.881894207
7.881901191 7.898468379
7.898478716 7.915101219
7.915111835 7.930173527
7.930181349 7.942120297
7.942129516 7.958694469
7.958703688 7.975306358
7.975315297 7.989637229
7.989647566 8.005241167
8.005277485 8.023142605
8.02314931 8.039638276
8.039648054 8.056533441
8.056542101 8.090256442
8.090265102 8.100414437
8.100423656 8.117175227
8.117183887 8.130961056
8.130969996 8.148825338
8.148840424 8.164210254
8.164219473 8.18085818
8.180865164 8.197502475
8.197513929 8.213958198
8.213965461 8.230876548
8.230886605 8.247488158
8.247496818 8.264273809
8.264281352 8.280317469
8.280326409 8.294944469
8.294951173 8.311568089
8.311576749 8.331325349
8.331333451 8.347908741
8.347919636 8.364717582
8.36472708 8.381440098
8.381447083 8.396705166
8.396714944 8.411647848
8.411654553 8.428260573
8.428273424 8.445026392
8.445034493 8.456944946
8.456953885 8.4733515
8.473360999 8.490115084
8.490126259 8.506994881
8.50700857 8.523621856
8.523632751 8.539958847
8.539969184 8.556615992
8.556624094 8.573392428
8.57340472 8.587494498
8.587504835 8.603346513
8.603353217 8.620621614
8.620637538 8.637121476
8.637137959 8.653295877
8.653304817 8.66722195
8.667231448 8.698708912
8.698722321 8.715351531
8.71536075 8.731989959
8.731997222 8.748990442
8.748999661 8.761690382
8.761697086 8.778489442
8.778499499 8.794916112
8.794923096 8.811500344
8.811509283 8.840276067
8.840287521 8.848992259
8.848998684 8.865667004
8.86567762 8.882391476
8.882401812 8.907099083
8.907106067 8.925531596
8.925543888 8.941135813
8.94114587 8.956865187
8.956873009 8.973586586
8.973596363 8.990965331
8.990976506 9.007710754
9.0077169 9.019834922
9.019843582 9.036528105
9.036536766 9.052332069
9.052341847 9.068946191
9.068954572 9.083862892
9.083873508 9.117311557
9.117321615 9.13404441
9.134054467 9.150084716
9.150093935 9.166754433
9.166767563 9.183394536
9.183409342 9.200713776
9.200732494 9.218368814
9.218381944 9.234238429
9.234248206 9.250156653
9.250165872 9.265526483
9.265534026 9.278529253
9.278537914 9.317625843
9.317672776 9.33677185
9.336782466 9.350715523
9.350725301 9.367229353
9.367238013 9.384112226
9.384119768 9.400892011
9.400900113 9.417653638
9.417662858 9.434057121
9.434063546 9.450842214
9.450848919 9.467550205
9.467559982 9.483948098
9.483956758 9.500513332
9.500520595 9.534020663
9.534030162 9.550793745
9.550804641 9.559251244
9.559259904 9.575571755
9.575580694 9.59221968
9.592230575 9.609007848
9.609015111 9.626050237
9.626059456 9.642258162
9.642268778 9.65900694
9.659013365 9.674797773
9.674809786 9.690412049
9.690420709 9.707037345
9.70704377 9.723673818
9.723682757 9.759112958
9.75912106 9.770120783
9.770127767 9.784733812
9.784743031 9.800671313
9.800681649 9.818153983
9.818161526 9.834788218
9.834797437 9.850638278
9.850647777 9.867734305
9.867741289 9.882037799
9.88204646 9.898652761
9.89866198 9.915419695
9.9154264 9.932145564
9.932154225 9.9488421
9.948851039 9.965428007
9.965434991 9.978428822
9.978437761 9.992323604
9.992333381 10.007211249
10.007219071 10.023364979
10.023375036 10.036884854
10.036898264 10.052346874
10.052355255 10.068732197
10.068741696 10.082048975
10.082057356 10.09808537
10.098093751 10.117559074
10.117573043 10.134170682
10.134182974 10.150659929
10.15066831 10.165350622
10.1653604 10.181288961
10.181299298 10.197745243
10.197753065 10.214432
10.214442057 10.228575697
10.228586313 10.245157413
10.245164118 10.26104826
10.26105692 10.277785024
10.277795361 10.294303326
10.294310869 10.330762708
10.330772765 10.353049058
10.353059395 10.36550148
10.365507906 10.381723933
10.381734828 10.398606246
10.398615465 10.415226795
10.415233779 10.430206909
10.430214731 10.445661109
10.445672004 10.462042801
10.462050344 10.478266091
10.478289278 10.495309878
10.495318258 10.507448012
10.507454996 10.524218579
10.52422696 10.540721515
10.540730734 10.557362176
10.55736916 10.574105087
10.574114027 10.590177242
10.590186182 10.606948088
10.606955072 10.623307989
10.623317488 10.637842517
10.637856765 10.654381212
10.654396018 10.670589418
10.670599196 10.687252707
10.687260529 10.703835821
10.703846717 10.720323949
10.720334006 10.736951762
10.736959864 10.753629579
10.753641033 10.770806065
10.770816122 10.787468517
10.787477456 10.804244393
10.804252215 10.821113016
10.821125029 10.837170086
10.837180422 10.85392864
10.853935904 10.870418724
10.870431296 10.887691311
10.887701369 10.903829675
10.90384057 10.920523697
10.920533754 10.937064066
10.937071609 10.954707091
10.954719383 10.971348591
10.971361442 10.986648023
10.986658359 11.003131959
11.00314062 11.019470629
11.019480686 11.036266899
11.036273604 11.05279302
11.052799725 11.069443183
11.06945296 11.086173241
11.086180225 11.099066221
11.099076558 11.115838183
11.11584824 11.140766493
11.140777388 11.156844233
11.15685429 11.173484338
11.173497189 11.190128073
11.190139248 11.206861765
11.206873219 11.223392915
11.223404369 11.238440359
11.238451534 11.255075991
11.255088004 11.270510077
11.27052209 11.285180936
11.285188759 11.299056721
11.299068734 11.3156376
11.315653245 11.33205924
11.332067062 11.348500715
11.348513287 11.365307322
11.365317658 11.381769748
11.381855792 11.39867944
11.398693967 11.413997308
11.414010438 11.430553322
11.430560865 11.44743396
11.447442341 11.461998381
11.462010673 11.476204935
11.476217506 11.507155516
11.507167808 11.524276966
11.524291493 11.54038041
11.540391864 11.556186607
11.55619415 11.574286954
11.574296731 11.598980035
11.598987019 11.620874159
11.620881423 11.640427483
11.640436702 11.657310633
11.657318735 11.673177175
11.673184997 11.68972928
11.689739057 11.70632245
11.706329713 11.74608309
11.746098176 11.766303814
11.766319738 11.78227093
11.782288809 11.799064125
11.799080328 11.816292292
11.816307937 11.840217399
11.840232205 11.849518023
11.849527801 11.865152972
11.865159956 11.881670154
11.881679094 11.89900923
11.89901789 11.915681741
11.915689563 11.932395874
11.932405373 11.949065312
11.94907509 11.965688934
11.965696198 11.982466485
11.982475425 11.998636139
11.998645078 12.015565663
12.015572927 12.032220574
12.032230072 12.048808437
12.048817656 12.065485694
12.065493516 12.081898676
12.081908454 12.098875134
12.098884353 12.115594019
12.115601004 12.132252002
12.132260941 12.149034862
12.149045198 12.181998827
12.182006649 12.198592836
12.198601776 12.215238247
12.215248304 12.232292091
12.232299355 12.249138925
12.249148144 12.266048057
12.266057835 12.282783146
12.282790409 12.298544645
12.298554144 12.315796279
12.315810806 12.332297819
12.332307038 12.349294392
12.349303052 12.36543499
12.365441974 12.38258745
12.382596111 12.399231464
12.399249623 12.415863187
12.415877156 12.432641577
12.432649958 12.449314925
12.449323026 12.46672496
12.466731944 12.483485748
12.483495526 12.498873458
12.498881839 12.513626731
12.51364042 12.528966108
12.528980635 12.54169622
12.54170488 12.557472807
12.557479791 12.574265442
12.574284439 12.590880124
12.590890461 12.607645662
12.607653764 12.624221791
12.62424442 12.640352334
12.640368537 12.657103623
12.657113401 12.673934535
12.673944592 12.688162601
12.688172937 12.704582004
12.704594855 12.720772052
12.720785741 12.737500436
12.737510214 12.750710772
12.750718315 12.765873315
12.765883372 12.782647235
12.782657013 12.799172239
12.799179502 12.815934985
12.815942527 12.832130617
12.832140395 12.848735241
12.848750886 12.86224981
12.86226294 12.879017862
12.879027361 12.895599021
12.895610195 12.912150564
12.912157828 12.928720548
12.928729767 12.942843014
12.942857262 12.957773122
12.957780665 12.974242814
12.974251195 12.990910855
12.990920912 13.007626386
13.00763337 13.023757208
13.023765868 13.040471343
13.040479724 13.054109947
13.054116652 13.06974322
13.069752159 13.087357191
13.087365851 13.103073154
13.103081256 13.119719124
13.119727785 13.134777742
13.134786123 13.149557275
13.149565935 13.166178381
13.166188159 13.182730485
13.182740821 13.199516138
13.199523961 13.21540838
13.215417041 13.232115812
13.232126986 13.245861415
13.245868399 13.260811636
13.260820576 13.277425202
13.277434701 13.293713304
13.293720847 13.310472977
13.310481638 13.324525881
13.324535659 13.340997526
13.341005069 13.357768933
13.357779269 13.374460439
13.374471334 13.391318727
13.39132599 13.407517435
13.407527771 13.423811124
13.423824813 13.43744973
13.437463419 13.452353021
13.452368386 13.46969461
13.469708857 13.485881584
13.485888848 13.501386906
13.501395566 13.515404889
13.515413828 13.561152882
13.561160983 13.574642586
13.574653481 13.587828897
13.587840631 13.603006246
13.603014068 13.619720103
13.619739379 13.636502402
13.636514415 13.653225198
13.6532333 13.669726457
13.66974294 13.687449101
13.687465863 13.70289492
13.702902183 13.719612686
13.719621066 13.732678872
13.732687253 13.749421224
13.749429605 13.765926952
13.765937009 13.782603654
13.782611196 13.799269179
13.799278118 13.815547785
13.815556445 13.832196269
13.832203532 13.845793807
13.845802747 13.861617047
13.861625707 13.879083234
13.879089939 13.89607366
13.89609126 13.912568774
13.912585815 13.929117247
13.929132053 13.983128858
13.983140312 13.999621738
13.999632354 14.016216305
14.016224127 14.032786288
14.032794948 14.04975744
14.04976638 14.066166228
14.066176844 14.08265352
14.082667767 14.099140811
14.09915422 14.115687048
14.115695149 14.132527176
14.132537233 14.149093806
14.149102746 14.166167207
14.166174749 14.18299672
14.183007056 14.20761158
14.207621917 14.223844648
14.223852471 14.240809933
14.240821945 14.265970953
14.265980172 14.282560491
14.282568592 14.298757522
14.298766182 14.314785816
14.314796152 14.331740485
14.331749704 14.348135025
14.348157933 14.362943054
14.362951993 14.399335388
14.399345166 14.416228039
14.416235302 14.431287494
14.431300624 14.447850772
14.44786027 14.464436959
14.464444781 14.480936541
14.480944922 14.497604583
14.497614361 14.513535657
14.513542921 14.529296319
14.529306097 14.545942011
14.545950112 14.557773402
14.557780107 14.572104274
14.572112375 14.615197739
14.615214222 14.638880918
14.638895445 14.654364729
14.654373669 14.671778394
14.671794039 14.688751781
14.68876072 14.705745282
14.705762882 14.72252395
14.722534566 14.738331266
14.738346631 14.755822875
14.755839637 14.770941276
14.770950495 14.789102524
14.789110625 14.799436518
14.799445457 14.815665118
14.815673778 14.832835455
14.83284216 14.856088411
14.856099865 14.874599981
14.874613391 14.890657051
14.890665711 14.912759021
14.912771313 14.924199581
14.924207962 14.939396206
14.939402911 14.954390011
14.954412919 14.970861099
14.970875346 14.987355933
14.987367387 15.003983743
15.003997991 15.021185651
15.021198502 15.037707304
15.037721552 15.054270862
15.054288741 15.06635927
15.066382178 15.082322192
15.082331132 15.099115668
15.09912796 15.115741524
15.115753816 15.131705563
15.131719252 15.148285604
15.148297896 15.162613403
15.162625136 15.17809889
15.178109227 15.191145242
15.191157534 15.207690639
15.20770349 15.224555074
15.224566528 15.241640765
15.241648308 15.258242037
15.258250697 15.274006889
15.274015829 15.290780251
15.290788632 15.307753636
15.307763973 15.324083925
15.324093423 15.340872372
15.340879356 15.357594609
15.357603828 15.374062902
15.374071563 15.390778715
15.390785699 15.40753196
15.407541458 15.425016585
15.425026363 15.441722899
15.441733235 15.457904564
15.4579149 15.474584897
15.474594395 15.49091211
15.490925799 15.507881586
15.507897789 15.524610808
15.524622541 15.541180231
15.541187215 15.558084895
15.558092996 15.574826127
15.574835625 15.591165076
15.59117206 15.607799873
15.607810209 15.624813766
15.62482941 15.641650544
15.641657807 15.658383953
15.658393452 15.676324503
15.676332325 15.691681483
15.691691261 15.709480113
15.709491847 15.724964204
15.72497482 15.741397579
15.741407356 15.758293858
15.758303357 15.77506275
15.775071411 15.791290511
15.791303082 15.808100468
15.808113319 15.824804547
15.824814604 15.841657807
15.841667026 15.858180017
15.858189795 15.875654585
15.875661849 15.892482421
15.892490802 15.908836455
15.908845395 15.925424878
15.925434936 15.942068612
15.942077831 15.958408399
15.958418456 15.975141531
15.975149073 15.991640554
15.991650332 16.008331503
16.008341002 16.025010998
16.025017703 16.041653057
16.041661717 16.058164374
16.058173314 16.075724426
16.075732248 16.093029977
16.093043666 16.109055757
16.109064976 16.124450452
16.124461068 16.141107876
16.141115139 16.157852741
16.157862519 16.174511004
16.174520502 16.190816988
16.190825089 16.207458767
16.207467986 16.224887797
16.224897016 16.241740499
16.241750556 16.258187561
16.258200411 16.274881862
16.274892478 16.291019386
16.29103084 16.307964558
16.307979364 16.323841715
16.323857918 16.340489082
16.34050305 16.357225567
16.357304628 16.373953949
16.373971549 16.390213279
16.390229203 16.404550856
16.404563986 16.421185371
16.421198501 16.43808333
16.43809227 16.451557946
16.451568842 16.466498393
16.466510685 16.483522066
16.48352933 16.500019971
16.500032543 16.516748635
16.516758971 16.531951405
16.531960065 16.547890861
16.547903711 16.564386533
16.564397987 16.579753849
16.579762509 16.596305115
16.596313495 16.613079035
16.613086298 16.629708242
16.629731989 16.643864511
16.643881553 16.660632284
16.660646811 16.674966229
16.674982153 16.690997877
16.69101408 16.707635464
16.707649712 16.722099874
16.722115518 16.738033464
16.738049667 16.755316944
16.755326163 16.771271766
16.771380998 16.787965227
16.787973888 16.802689165
16.802704251 16.816654069
16.816663288 16.833220701
16.833230758 16.84991947
16.849926734 16.866648972
16.866663219 16.882999931
16.8830139 16.900643794
16.900659159 16.912936977
16.912950386 16.92978018
16.929789958 16.946398213
16.946405197 16.962900031
16.962910368 16.979293176
16.979305747 16.999546029
16.999553852 17.028110273
17.028119492 17.041487394
17.041501641 17.055012018
17.05501984 17.075212069
17.075221567 17.09140994
17.091420276 17.10799389
17.108001153 17.121699542
17.121709599 17.138056929
17.13807006 17.155055459
17.155062723 17.170661073
17.170669733 17.186998625
17.187011755 17.203551008
17.203565535 17.217009701
17.217024228 17.233585831
17.23359533 17.250083178
17.25009072 17.266607905
17.266621035 17.283092682
17.283102739 17.301022893
17.301030156 17.313664444
17.313689867 17.328977004
17.328993766 17.346805248
17.346812791 17.362532667
17.362541048 17.379024426
17.379042026 17.395627375
17.39564274 17.416432253
17.416444266 17.43794253
17.43795119 17.454393783
17.454401046 17.469352387
17.469361886 17.485808111
17.485817889 17.502449889
17.502464416 17.519069879
17.519084406 17.532974999
17.532991202 17.546422517
17.546435647 17.562902545
17.562918469 17.579566395
17.579581201 17.596631413
17.596646219 17.624577143
17.624592788 17.641711165
17.641720105 17.655296691
17.655305631 17.671657148
17.671668323 17.689688771
17.689695755 17.705095757
17.705106094 17.721647302
17.72166574 17.738355292
17.738370378 17.754977515
17.754986734 17.771555321
17.771563981 17.78823286
17.788240124 17.804750879
17.804760098 17.821656381
17.821665042 17.838170492
17.838177197 17.855284118
17.855293337 17.867628146
17.867646863 17.883417863
17.883431272 17.900771184
17.900780124 17.916276228
17.916284889 17.933049309
17.933057132 17.950129134
17.950137515 17.966741861
17.966750801 17.983517735
17.983524998 18.000147782
18.000156163 18.016809676
18.01682532 18.033293336
18.033305908 18.049732016
18.049741514 18.066841733
18.066848717 18.083537151
18.083546091 18.100208823
18.100217762 18.116529333
18.116537155 18.133506911
18.13351613 18.14997688
18.149986099 18.166573403
18.166580667 18.18335263
18.183361569 18.200300873
18.200311489 18.216996012
18.217004952 18.23374507
18.233755686 18.249920587
18.249930365 18.266484984
18.266492248 18.283128998
18.283138776 18.299397547
18.299406207 18.316219796
18.316229015 18.332679151
18.332690604 18.349284893
18.34929523 18.365758774
18.365774977 18.383656021
18.383666078 18.400341102
18.400354791 18.418258183
18.418279136 18.433436371
18.433445869 18.449867229
18.449883712 18.466674953
18.466690038 18.483349976
18.483375399 18.498763388
18.498779591 18.515256266
18.515270793 18.53197934
18.531996102 18.548226937
18.548242582 18.564981859
18.564997503 18.580330458
18.580339677 18.596868315
18.596879769 18.613641117
18.613648381 18.632353271
18.63236221 18.650081503
18.650090443 18.666559574
18.666567397 18.682580326
18.682591779 18.699282168
18.69929446 18.715946298
18.715954679 18.732414033
18.732426325 18.748979267
18.748990162 18.765721339
18.765728882 18.783441467
18.783450686 18.800353115
18.800362613 18.816909968
18.816916952 18.833119012
18.833128789 18.84980074
18.8498094 18.866467105
18.866473809 18.883327068
18.883336846 18.899631095
18.899639476 18.916417866
18.916425409 18.932872193
18.93288197 18.949828817
18.949839153 18.967184653
18.967192755 18.98382392
18.983834536 19.00827116
19.008281776 19.025017982
19.025024966 19.041649424
19.041658084 19.058723942
19.058734278 19.075350077
19.07535762 19.091685672
19.091703272 19.110089688
19.110096673 19.125347213
19.125356711 19.149896144
19.149910671 19.167243598
19.167252818 19.217396064
19.217415061 19.233664611
19.233681373 19.250107763
19.250121451 19.2671468
19.267161607 19.283794166
19.283810649 19.30063234
19.300646867 19.316647224
19.316661472 19.333395443
19.33340578 19.35065937
19.350667471 19.367380767
19.36739278 19.384077583
19.38408764 19.399927084
19.399934068 19.416929523
19.416938463 19.442105068
19.442114846 19.458691535
19.45869824 19.475240846
19.475250903 19.495253445
19.495268251 19.511105458
19.511116912 19.526061271
19.52607077 19.542741881
19.542750541 19.55866737
19.558677986 19.575291271
19.575301328 19.588409976
19.588416681 19.605087794
19.605096455 19.625351543
19.62536132 19.641994441
19.642001704 19.658116044
19.658126101 19.674872921
19.674882978 19.691501012
19.691508835 19.708105356
19.708115134 19.721747315
19.721756814 19.735194833
19.735202096 19.752134696
19.752143357 19.768727028
19.768736806 19.785118218
19.785125202 19.825024686
19.825038654 19.841521755
19.841532651 19.858830658
19.858843509 19.874949188
19.874959525 19.891698243
19.891709139 19.908183579
19.908191401 19.92477256
19.924780941 19.938556992
19.938566491 19.952083293
19.952091394 19.967662089
19.967671308 19.983699601
19.983708541 20.000457877
20.000464861 20.017201624
20.017218945 20.03392498
20.033939227 20.052584054
20.052595229 20.067168311
20.067183955 20.083841938
20.083858421 20.100761128
20.100775096 20.117006209
20.117021015 20.13382371
20.133842986 20.150550696
20.150565502 20.174322432
20.174338915 20.191959591
20.191976911 20.208431236
20.208447998 20.23842164
20.238435888 20.261830482
20.26183998 20.283356122
20.2833659 20.30034208
20.300356328 20.316712595
20.316727681 20.333494059
20.333508866 20.350124943
20.350137514 20.366766723
20.366781529 20.383986231
20.384003272 20.399485126
20.399499374 20.416012647
20.416027453 20.431951823
20.431961042 20.458529503
20.458536208 20.479170674
20.479180451 20.492328491
20.49233771 20.508711021
20.508719402 20.527233486
20.527254159 20.542017768
20.542029781 20.55731217
20.557321669 20.573704756
20.573713137 20.590430625
20.590443476 20.606771527
20.606781584 20.623506057
20.623513042 20.637457832
20.63746733 20.650634923
20.650647495 20.667396552
20.667404374 20.683893901
20.68390284 20.700798003
20.700807501 20.716925193
20.716932456 20.733659165
20.733669222 20.749973527
20.749986936 20.765723016
20.765731955 20.781980668
20.781995474 20.797758371
20.797772619 20.812522818
20.812529802 20.826314236
20.826329881 20.842153399
20.842162898 20.858730925
20.858739306 20.875158433
20.875165696 20.891782053
20.89179211 20.9084121
20.908426347 20.925190488
20.925199987 20.940420916
20.940430135 20.955500767
20.955512779 20.97136591
20.971375129 20.988115246
20.988127259 21.004797535
21.004811503 21.021647162
21.021654146 21.033967164
21.033975824 21.050910378
21.050919876 21.067188983
21.067200717 21.0841579
21.084166002 21.098772606
21.098784339 21.114760672
21.114776876 21.129882985
21.129892763 21.146359939
21.146371673 21.163561847
21.16357386 21.179879841
21.179891295 21.196417419
21.196430828 21.209051707
21.209060646 21.22406311
21.224071771 21.238698491
21.238709386 21.25429796
21.254308296 21.267356602
21.2673661 21.282266598
21.282276376 21.298857813
21.298866753 21.315516354
21.315527808 21.332260103
21.33227016 21.347311177
21.34731844 21.362221453
21.362228716 21.375591868
21.375606674 21.393550294
21.393557837 21.412046221
21.412060469 21.428837461
21.428854782 21.445297653
21.445313577 21.459094938
21.459111141 21.475183855
21.475196985 21.492660097
21.4926763 21.507356938
21.507373141 21.524223048
21.52423953 21.540726542
21.540743583 21.558735536
21.558750342 21.575934927
21.575949454 21.592332542
21.592349025 21.608744405
21.608759212 21.62412038
21.624138259 21.639951443
21.63996625 21.652725414
21.652739382 21.668974126
21.668988653 21.685983831
21.685997799 21.700314702
21.700323922 21.715646259
21.715656316 21.732358439
21.732367658 21.749025362
21.749032905 21.765237198
21.765278824 21.781918649
21.78193569 21.798650106
21.798664912 21.815278196
21.815288253 21.833520179
21.833528839 21.850589388
21.850598608 21.866956551
21.866968843 21.883809532
21.883824617 21.898744949
21.898754727 21.915453776
21.915462157 21.926635925
21.926643467 21.942434581
21.942445196 21.958660665
21.958671001 21.975414471
21.975423131 21.99202943
21.992039487 22.008665623
22.008675401 22.025712204
22.02572254 22.042785602
22.042793983 22.059431573
22.05944191 22.075350355
22.075360691 22.091938218
22.091947717 22.117398437
22.117486437 22.133661119
22.133668941 22.150435318
22.150442861 22.16708045
22.167088551 22.1836915
22.183700719 22.200626332
22.200635551 22.217105243
22.217115301 22.234956395
22.234971202 22.250377349
22.250385171 22.267001251
22.26701047 22.283782432
22.283791651 22.300409686
22.300420581 22.31746772
22.317475543 22.34240832
22.342415584 22.358745592
22.358754811 22.375395194
22.375407206 22.392024123
22.392034739 22.418231644
22.418239745 22.434173335
22.434185627 22.45109811
22.451107888 22.467799955
22.467808894 22.517628356
22.517638413 22.534324889
22.53433355 22.551115572
22.551124232 22.585356236
22.585363779 22.607707402
22.607715224 22.625526425
22.625535086 22.64205199
22.642062047 22.659078734
22.659088233 22.675740629
22.67574873 22.692323743
22.692331006 22.709364455
22.709373674 22.725968242
22.725977461 22.742524815
22.742535151 22.759271636
22.759280296 22.776158141
22.776165963 22.792497646
22.792507145 22.809218208
22.809235528 22.826291606
22.826301384 22.842929475
22.842950428 22.86680737
22.866821618 22.88416209
22.884177176 22.901237724
22.901284659 22.91740151
22.917417713 22.933736548
22.933754148 22.951029247
22.951044612 22.967610405
22.967625211 22.984217823
22.984233468 23.000771604
23.000787528 23.017904228
23.017915682 23.034247926
23.034262453 23.051152028
23.051159851 23.067741846
23.067751624 23.084270763
23.084279703 23.1004474
23.100456619 23.117107058
23.117114322 23.133750516
23.133758339 23.149063075
23.149070618 23.165690329
23.165699828 23.179883754
23.179892693 23.193537164
23.1935475 23.209166804
23.209174347 23.224218997
23.224227378 23.237986947
23.237998122 23.251881172
23.25189095 23.267571155
23.267580374 23.284539233
23.284555156 23.300873991
23.300881534 23.31755963
23.317573878 23.334181576
23.334194706 23.350933984
23.350945159 23.367175713
23.367188284 23.383832859
23.383847386 23.400546714
23.400553698 23.417490488
23.417499707 23.434005436
23.434014655 23.449313247
23.449322466 23.465883231
23.465890495 23.478586521
23.478594344 23.494126485
23.494134866 23.510897053
23.510905713 23.52761426
23.527624317 23.542661983
23.542669247 23.558901478
23.558908742 23.575869555
23.575882127 23.603267171
23.603276669 23.619602208
23.619618691 23.63796879
23.637979126 23.65335147
23.653359292 23.669979282
23.669989619 23.6865339
23.686543957 23.703467895
23.70347907 23.72020466
23.720214997 23.736355874
23.736377385 23.751335711
23.751345768 23.767808196
23.767818253 23.784171449
23.784181786 23.799007133
23.799014676 23.811724113
23.811731376 23.826235175
23.826244953 23.842645081
23.842653741 23.859248589
23.859258087 23.875866622
23.875875003 23.892356427
23.892365087 23.908829471
23.908840087 23.925479912
23.925488851 23.942665894
23.942677348 23.959950214
23.959959154 23.976618812
23.976627193 23.992089215
23.992098993 24.008865929
24.008874868 24.025382552
24.02539233 24.042753197
24.042761019 24.059368714
24.059376537 24.075791194
24.075804603 24.092257812
24.092269265 24.11028664
24.110302564 24.125986399
24.125997574 24.142893018
24.142903075 24.159366621
24.159376119 24.175566165
24.175576781 24.192840148
24.192851882 24.20913747
24.209148365 24.225744052
24.225754109 24.242503443
24.242512941 24.259218976
24.259233224 24.275494229
24.275504286 24.292277087
24.292287703 24.308753484
24.308765497 24.325386603
24.325397777 24.342013018
24.34202531 24.358525452
24.35853495 24.375260819
24.375268641 24.392749075
24.392758295 24.426011124
24.426020064 24.442408739
24.44242159 24.458117159
24.458127496 24.474722623
24.474730724 24.492212554
24.492225405 24.509099617
24.509109675 24.525584673
24.525597524 24.542239303
24.542251037 24.557686519
24.557695459 24.574434457
24.574445631 24.591102776
24.591113671 24.60743949
24.60744843 24.624197485
24.624210615 24.640983418
24.64099571 24.657646709
24.657657604 24.673228298
24.673238076 24.71430726
24.714316758 24.740211393
24.740226758 24.757015762
24.757030569 24.773505847
24.773516183 24.790067729
24.790077786 24.806843883
24.806851706 24.823348495
24.823356317 24.840277463
24.840288078 24.857041884
24.857052779 24.873820831
24.873830888 24.889663907
24.889672009 24.906496213
24.906506549 24.923871885
24.923880824 24.941044459
24.941058428 24.957300157
24.957309096 24.972670545
24.972678647 24.983925328
24.983935106 25.009385827
25.009395046 25.026195785
25.026205284 25.042814935
25.042824154 25.057790582
25.057798405 25.075794266
25.075804044 25.093831196
25.093840695 25.108950436
25.10895742 25.125758438
25.125772965 25.14127745
25.141288904 25.158098302
25.158113947 25.175045428
25.17505353 25.191393596
25.191402536 25.208296022
25.208306359 25.224672406
25.224682184 25.241668141
25.241678757 25.258101515
25.258116321 25.276161632
25.276176159 25.309367808
25.309383732 25.327292711
25.327307517 25.341950719
25.341964967 25.358740005
25.358751738 25.376079358
25.376089973 25.392978154
25.392990726 25.409421026
25.409431083 25.425563022
25.425571403 25.442225476
25.442234695 25.458733438
25.458750479 25.475521886
25.475532502 25.49209606
25.492105279 25.509273104
25.509283719 25.525430183
25.525444989 25.549543305
25.549560067 25.568183662
25.568191205 25.592836516
25.592845736 25.60968307
25.609692848 25.626054705
25.626064483 25.64244366
25.642450644 25.659350277
25.659358099 25.675789238
25.675801251 25.693210166
25.693228046 25.711409966
25.711419744 25.725984165
25.725992267 25.742444357
25.742452179 25.759295941
25.759306278 25.776189987
25.776199485 25.794745977
25.794753799 25.81106062
25.811067884 25.8277024
25.827711619 25.844553145
25.844561806 25.885478458
25.885487398 25.909831553
25.909839096 25.92669934
25.926713588 25.943357043
25.943372687 25.959870036
25.959887077 25.976614343
25.976629988 25.993421226
25.993436033 26.010436798
26.010451045 26.026802566
26.026817931 26.043281475
26.043294325 26.059708981
26.059717083 26.076424235
26.076438203 26.093412986
26.093427513 26.109841053
26.109855021 26.126057917
26.126069371 26.142977666
26.142985488 26.159839027
26.159848805 26.176512933
26.17652299 26.193043246
26.193052466 26.209606244
26.209613787 26.226216457
26.226224279 26.250573463
26.250581285 26.267885999
26.267900805 26.284995157
26.285004935 26.301205038
26.301221241 26.317816926
26.317826704 26.334276001
26.33428941 26.351024219
26.351038746 26.368088958
26.368097618 26.384714534
26.384723194 26.400717686
26.400734727 26.417113903
26.417128151 26.433509842
26.433523252 26.451457096
26.451473299 26.471825885
26.471841808 26.484845417
26.484869163 26.501395285
26.501412606 26.517481688
26.517491745 26.534230744
26.534239684 26.551026454
26.551034555 26.567704831
26.567712932 26.583119079
26.583128019 26.599885457
26.59989691 26.616597916
26.616609929 26.633202539
26.633211199 26.64973006
26.649741235 26.667730392
26.667737935 26.683062229
26.683069772 26.699366257
26.699376594 26.711590156
26.711602728 26.726168825
26.726181117 26.742923469
26.742933806 26.759715266
26.759722809 26.774456526
26.774465745 26.786692439
26.786702217 26.801175007
26.801184226 26.81762151
26.817629611 26.83460216
26.834609982 26.84980465
26.84981359 26.87224605
26.872262253 26.887098776
26.887106039 26.900879298
26.900888517 26.916105534
26.916114753 26.931467823
26.931478159 26.951771798
26.951779899 26.96825015
26.968271941 26.998003093
26.998014827 27.021106589
27.021118043 27.0349279
27.034938795 27.049747659
27.049762186 27.066371002
27.06638078 27.080949671
27.082130267 27.095859945
27.095869443 27.109563922
27.109574538 27.126067416
27.126076356 27.141424116
27.141433056 27.158052766
27.158062544 27.174504018
27.174514075 27.191106687
27.191116186 27.205462144
27.205470525 27.221508316
27.2215153 27.238860243
27.238869462 27.254852777
27.254861717 27.268143014
27.268151954 27.28479122
27.284798763 27.305131513
27.305140453 27.321626908
27.321635847 27.334627163
27.334636103 27.355202403
27.355215254 27.371491905
27.371501124 27.388056857
27.3880644 27.404730206
27.404739984 27.421750246
27.421759466 27.437940573
27.437950072 27.451445361
27.451458491 27.467977071
27.467993275 27.482822814
27.482830357 27.496777379
27.496787157 27.512516811
27.51252603 27.529170604
27.529180661 27.550981755
27.550989298 27.559680347
27.559765274 27.580326267
27.580336324 27.597026714
27.597035654 27.60954758
27.60955624 27.626063644
27.626072583 27.642737551
27.642744815 27.659497782
27.659505604 27.676085085
27.676092628 27.691500732
27.691508275 27.708106194
27.708114854 27.724695175
27.724704394 27.739219924
27.739235848 27.753272829
27.753283445 27.767989784
27.767997606 27.782941402
27.782950901 27.799485126
27.799493787 27.834505499
27.834514439 27.851445082
27.851456257 27.869185605
27.86922276 27.884391448
27.884406255 27.899635285
27.899645062 27.911109928
27.911118867 27.926437016
27.926450984 27.94314668
27.943155061 27.96076149
27.960769313 27.976035498
27.976044717 27.992646827
27.992656325 28.009709051
28.00971827 28.026408661
28.026416483 28.043270299
28.043285106 28.066910736
28.066925542 28.085320057
28.085328159 28.101608162
28.101617102 28.140337385
28.140349957 28.159711356
28.159720575 28.176006444
28.176013428 28.193421787
28.193430447 28.210040098
28.210049876 28.226642209
28.226651708 28.243276446
28.243287062 28.260474162
28.260489248 28.280951905
28.280966991 28.293446509
28.293456566 28.30962203
28.30963516 28.326134743
28.326147593 28.342762833
28.342777639 28.35953843
28.359547649 28.376077961
28.376085783 28.392377798
28.392392046 28.409774982
28.409788391 28.426648634
28.426662603 28.443267507
28.44327924 28.463311114
28.463327876 28.476582076
28.476596603 28.493637037
28.49365324 28.510230766
28.510251997 28.526910819
28.526920318 28.542889665
28.542899443 28.559385058
28.559400423 28.576151156
28.576162051 28.592500719
28.592517202 28.609108416
28.609119311 28.625744331
28.625752991 28.642491988
28.642499252 28.658793782
28.658809147 28.675362927
28.675378292 28.693326941
28.693343983 28.709879884
28.709895808 28.726228049
28.726240341 28.743351456
28.743368218 28.75891824
28.758926621 28.776533047
28.776542266 28.793616225
28.793624885 28.817017242
28.817026741 28.835291912
28.835299735 28.850543291
28.850550834 28.867368893
28.867378112 28.883616489
28.88362515 28.900518918
28.900528416 28.916979667
28.916988048 28.93372202
28.933731519 28.950333068
28.950343964 28.968441795
28.968452411 29.000688072
29.000698408 29.017950044
29.017957866 29.041441576
29.041452471 29.059059738
29.059068398 29.076025301
29.076033961 29.093558536
29.093568035 29.109564759
29.109574537 29.125928292
29.125936673 29.142703887
29.142712547 29.159619445
29.159628105 29.17650567
29.176514889 29.193664554
29.193674332 29.226429053
29.226438552 29.243055189
29.243063849 29.260024944
29.260032208 29.276791319
29.276800259 29.293565799
29.293576136 29.310098067
29.310109242 29.326614692
29.326625587 29.342824015
29.342833514 29.360015584
29.360026758 29.376728603
29.376740057 29.393135436
29.393148008 29.409655413
29.409664074 29.426162261
29.426170362 29.442850413
29.442861588 29.459976613
29.459993934 29.476913682
29.47692346 29.493589546
29.493597647 29.51017992
29.510188581 29.52642612
29.52643506 29.543257031
29.543265971 29.56834625
29.56835938 29.5925795
29.592595145 29.60987248
29.609880582 29.626585498
29.626603657 29.6432175
29.643234262 29.660054836
29.660071039 29.676675662
29.676689072 29.693907183
29.693921989 29.736769055
29.736778274 29.752691749
29.752703203 29.768224171
29.768234507 29.785969163
29.785976705 29.802451146
29.802466512 29.819470627
29.819479846 29.835801754
29.835810694 29.851324675
29.851341716 29.86823744
29.868245821 29.885636858
29.885651664 29.901636099
29.901650347 29.960063077
29.960072017 29.976507625
29.976514888 29.992743766
29.992751309 30.00957803
30.00958697 30.025022729
