0.008663951 0.018124091
0.0181375 0.079579666
0.079587209 0.096399682
0.096408063 0.126233921
0.12624342 0.142730711
0.142736577 0.163058155
0.16306458 0.200707632
0.200719644 0.215543875
0.21555058 0.232297959
0.232304105 0.248946724
0.248955664 0.263688821
0.263696643 0.300217486
0.30022447 0.320372282
0.320380942 0.337970329
0.337982062 0.353480121
0.353486267 0.392092851
0.392099555 0.415672104
0.41567853 0.430398836
0.43041029 0.444445873
0.444457606 0.461139055
0.461149671 0.50160928
0.501621572 0.526271635
0.526283927 0.540531548
0.540537694 0.570968653
0.570978152 0.587453433
0.587459579 0.615750885
0.615757031 0.634648259
0.634654405 0.651977555
0.651984539 0.668704822
0.668711527 0.718141273
0.718147698 0.734832499
0.734841439 0.751288502
0.751294648 0.768275018
0.768286472 0.791083224
0.791094678 0.816230554
0.8162367 0.8347885
0.834796043 0.8515884
0.85159734 0.868109495
0.868115921 0.910542541
0.910549246 0.924172207
0.924178353 0.940812869
0.940819294 0.957419728
0.957426153 0.97403469
0.974041394 1.01068348
1.010690185 1.032421719
1.032428424 1.049180552
1.049186698 1.06581926
1.065825406 1.079364277
1.079370144 1.116046314
1.116053019 1.135133097
1.135139243 1.151599715
1.151606419 1.169847286
1.16985427 1.211211481
1.211221258 1.224346391
1.224352537 1.240831725
1.240838151 1.257462331
1.257468477 1.274808391
1.274814537 1.30094607
1.300953054 1.333603293
1.333610836 1.351032882
1.35104294 1.368480911
1.368490689 1.384928531
1.384934957 1.431303419
1.431310124 1.451795969
1.451805188 1.467937126
1.467944669 1.485092379
1.485099363 1.522621171
1.522627038 1.548864729
1.548871155 1.565394485
1.56540091 1.584340189
1.584351922 1.601789333
1.601798273 1.639317007
1.63932455 1.660161557
1.660168541 1.676731261
1.676737966 1.693354601
1.693366055 1.721130759
1.721137184 1.749631587
1.749638013 1.76828731
1.768294294 1.784866233
1.784873496 1.801699937
1.801708597 1.835683584
1.835691127 1.857838358
1.857847577 1.876781267
1.876787972 1.893469142
1.893475567 1.913074427
1.913080853 1.949760374
1.949767358 1.968593215
1.968601596 1.988623414
1.98862984 2.005633676
2.005643175 2.028120614
2.028127877 2.058087271
2.058093697 2.077055883
2.077062867 2.093773091
2.093779517 2.110233005
2.11024418 2.146931802
2.146942977 2.166282867
2.1662946 2.179859451
2.179867553 2.197685181
2.197697194 2.220077133
2.220085793 2.249978699
2.249986521 2.268741419
2.268748403 2.285123667
2.285134842 2.299809054
2.29981548 2.320545766
2.320551912 2.349996718
2.350003423 2.368616682
2.368628695 2.385199794
2.385211248 2.404683276
2.404694172 2.44668554
2.446696715 2.468527983
2.468534409 2.485184289
2.485190435 2.505335453
2.505342437 2.529536574
2.529544955 2.563774446
2.563781988 2.585336405
2.585343389 2.603056254
2.603062401 2.619717589
2.619725132 2.662731435
2.662738978 2.674754472
2.674760618 2.694928265
2.69493469 2.723407584
2.72341792 2.735944932
2.735956945 2.779791007
2.779797991 2.810792992
2.810800255 2.827243686
2.82725067 2.846903168
2.846909872 2.884947945
2.884960237 2.908125753
2.908132178 2.918761183
2.918767329 2.930364893
2.930371877 2.943694519
2.943702341 2.972228872
2.972235577 2.999327847
2.999334272 3.0183934
3.01840234 3.043819536
3.043826241 3.063479576
3.063485443 3.100518083
3.100524508 3.128190874
3.128197858 3.152159004
3.152165988 3.172938739
3.172947399 3.2065743
3.206583798 3.234195128
3.234201553 3.242389186
3.242395612 3.258956377
3.258962802 3.281475996
3.281482422 3.31669891
3.316705615 3.335680093
3.335689032 3.350242559
3.350248985 3.367030725
3.367040502 3.390141763
3.390154893 3.417051608
3.4170639 3.44177039
3.441781285 3.469171919
3.469178624 3.490282423
3.490289407 3.523464853
3.523472116 3.549999511
3.550005937 3.566651349
3.566659171 3.583295082
3.583303184 3.615812624
3.615819888 3.633684168
3.633691152 3.650424565
3.650434902 3.667092326
3.667100428 3.697117648
3.69712994 3.715949094
3.715955798 3.733352703
3.733359687 3.750029682
3.750036107 3.768185901
3.768197355 3.808503592
3.808510297 3.825998556
3.826005261 3.865677621
3.865683767 3.883712873
3.883719858 3.927073133
3.927079559 3.950352349
3.950358215 3.981534804
3.98154095 4.000276012
4.000283555 4.014677005
4.014683151 4.049620551
4.049626977 4.077374358
4.077381901 4.092250831
4.092257815 4.108612686
4.108618832 4.142184272
4.142190977 4.167497266
4.167504529 4.184198271
4.184204696 4.201254349
4.20126273 4.219152713
4.219158859 4.261300808
4.261307512 4.277331057
4.277337482 4.291872291
4.291878717 4.308441435
4.308447581 4.343004768
4.343012869 4.36686143
4.366868135 4.384464785
4.384471211 4.400282158
4.400288304 4.422269311
4.422275736 4.458841555
4.458847701 4.477685012
4.477692276 4.494254437
4.494261141 4.51082051
4.510827773 4.536214239
4.536226251 4.566994128
4.567001113 4.583633114
4.58363954 4.600277689
4.600287466 4.622082136
4.622092472 4.658782051
4.658790991 4.677823858
4.677830283 4.69434132
4.694350259 4.711941881
4.711950542 4.750827269
4.750835091 4.766943843
4.766950269 4.783619706
4.783627529 4.800395301
4.800403961 4.822484143
4.822490848 4.867278662
4.867285646 4.877698422
4.877706245 4.89428824
4.894295783 4.911455227
4.911475061 4.936586913
4.93659697 4.967228237
4.967239691 4.987294195
4.987302018 5.000533586
5.000544761 5.017303316
5.017309742 5.036676169
5.036683712 5.075792314
5.075798739 5.092203618
5.092213117 5.108859924
5.108868864 5.122306327
5.122315825 5.161119918
5.161126344 5.187286652
5.187293077 5.203464406
5.203470832 5.218478885
5.218486707 5.24571391
5.245721453 5.279183247
5.279192186 5.295671935
5.295678081 5.312337183
5.312348078 5.328960524
5.328967229 5.368142599
5.36815098 5.392314386
5.392323325 5.408946947
5.408953652 5.427169095
5.427180828 5.4542365
5.454244043 5.49228603
5.492293573 5.509106325
5.50911303 5.525762351
5.525769335 5.554524665
5.554530811 5.564108845
5.56411555 5.592375006
5.59238227 5.600622703
5.600628849 5.617180954
5.617188497 5.633893135
5.633900678 5.655836146
5.655843689 5.693564404
5.693576417 5.712494465
5.712502846 5.725612053
5.72562211 5.742285122
5.742293224 5.778688351
5.778695615 5.800764063
5.800772444 5.816129704
5.816136409 5.834011305
5.83401773 5.855327143
5.855334965 5.892387719
5.892394424 5.90902475
5.909030896 5.924091468
5.924100687 5.940795547
5.940802252 5.963990115
5.963995982 5.992515249
5.992520836 6.012591265
6.012597691 6.025777019
6.025782886 6.040378596
6.040384742 6.06262863
6.062634776 6.084210702
6.084217128 6.115439532
6.115452662 6.139375814
6.139386709 6.164597455
6.164611144 6.194950755
6.194971707 6.209259557
6.209265982 6.225941286
6.225947711 6.246012831
6.246018977 6.264302307
6.264310967 6.290061721
6.290067867 6.309393792
6.309405525 6.329474555
6.329486847 6.354369059
6.354379954 6.370954129
6.370960554 6.409500927
6.409508191 6.430688258
6.430694404 6.442599267
6.442605134 6.463008286
6.46301527 6.490491667
6.490498651 6.517701551
6.517708256 6.547136297
6.54714356 6.571623488
6.57163131 6.589845357
6.58985737 6.630751394
6.63075782 6.671153456
6.671159881 6.687812836
6.687820379 6.70472504
6.704731745 6.749724893
6.749764564 6.781228338
6.781234763 6.804499174
6.804509232 6.812746312
6.812752458 6.829681425
6.82968813 6.874295197
6.874303299 6.903767936
6.903774362 6.920425641
6.920433463 6.937935129
6.937945744 6.954524946
6.954534165 6.997537955
6.997548012 7.020692853
7.020699558 7.038139763
7.038146747 7.072897532
7.072905075 7.09304283
7.093050093 7.120118059
7.120124484 7.128058454
7.12806432 7.144551891
7.144557758 7.177055742
7.177062447 7.20645026
7.206456686 7.236212702
7.236219127 7.252486279
7.252492425 7.290479934
7.290486639 7.309882121
7.309889106 7.344361364
7.344372818 7.360695283
7.360704223 7.37718006
7.377186764 7.415053309
7.415059455 7.439423725
7.439435179 7.451937606
7.451945708 7.468578547
7.468584693 7.501837523
7.501844507 7.52649764
7.526503786 7.543391688
7.543398951 7.56011588
7.560122864 7.5768018
7.576808505 7.615819607
7.615826592 7.63837387
7.638381413 7.655206178
7.655212604 7.683097431
7.683108885 7.702124432
7.702130857 7.740681285
7.740688269 7.763525811
7.763532795 7.78014524
7.780151665 7.796589789
7.796596214 7.834412471
7.834424764 7.855030458
7.855038001 7.869281989
7.869289252 7.88470462
7.884725852 7.906632267
7.906638971 7.945119558
7.945131292 7.963318522
7.963325506 7.979947729
7.979954434 7.998418233
7.998425497 8.03478738
8.034794923 8.051395358
8.051401784 8.066144161
8.066150307 8.082542054
8.082548479 8.118387671
8.118393817 8.143054214
8.143060639 8.15981696
8.159823106 8.174149228
8.174155653 8.190639313
8.190646018 8.211998172
8.212004319 8.235182963
8.235189109 8.24577593
8.245782914 8.263415601
8.263424261 8.279974409
8.279982232 8.299607631
8.299619085 8.335105997
8.33511354 8.354959359
8.354965785 8.371799208
8.371805075 8.388413611
8.388420316 8.43123246
8.431240003 8.443259967
8.443266393 8.459893365
8.459902305 8.476496873
8.476503577 8.498441282
8.498447707 8.534910441
8.534916867 8.555075855
8.55508228 8.572500134
8.57250628 8.589120124
8.58912627 8.627566909
8.627573334 8.646715433
8.64672158 8.663293519
8.663299665 8.680418878
8.680425024 8.697097256
8.697103961 8.713637067
8.713643213 8.743801514
8.743808777 8.763572744
8.763579449 8.780181558
8.780189101 8.798571605
8.79857803 8.835087138
8.835094681 8.863404706
8.86341169 8.879721025
8.879728009 8.897093904
8.897100888 8.939085274
8.939091699 8.971315906
8.971326243 8.98071766
8.980723806 8.99864452
8.998650945 9.015263113
9.015269818 9.060129988
9.060136693 9.07677065
9.076777355 9.093411871
9.093419135 9.110180762
9.110187188 9.140135407
9.140141553 9.160493302
9.160501124 9.195333206
9.195339072 9.203651301
9.203657727 9.222007825
9.222013971 9.24823043
9.248236297 9.2769067
9.276914522 9.303336316
9.303343021 9.31160301
9.311611112 9.328079126
9.328085272 9.343554837
9.343561262 9.377116644
9.37712279 9.393634106
9.393641369 9.405197308
9.405203733 9.419386821
9.419392967 9.436578112
9.436590125 9.465593811
9.465605544 9.495449561
9.495462412 9.511216089
9.511223073 9.547474048
9.547481032 9.565312629
9.56532073 9.602217038
9.602223463 9.610256889
9.610263035 9.631758505
9.631766048 9.655590305
9.655597569 9.67234411
9.672351374 9.710498959
9.710505943 9.735547115
9.73555354 9.752280526
9.752287789 9.774096987
9.77410425 9.810543519
9.8105519 9.834518071
9.834525335 9.84354436
9.843551344 9.861549721
9.861561175 9.891667514
9.891680086 9.911032825
9.91103953 9.934645602
9.934652028 9.957680374
9.957687358 9.98916119
9.989169292 10.012510528
10.012517512 10.042906567
10.042913831 10.066097506
10.066105608 10.092733292
10.092742232 10.129900587
10.129907292 10.155837123
10.155843828 10.172178307
10.172185012 10.190526449
10.190533154 10.229985096
10.229991521 10.255710153
10.255717695 10.272351094
10.272362827 10.289073052
10.289084227 10.329800575
10.329812587 10.352444513
10.352455687 10.368862802
10.368871462 10.385557102
10.385568835 10.415892801
10.415901741 10.447175827
10.447181973 10.460406
10.460412146 10.477136897
10.477143323 10.490658449
10.490664595 10.529904218
10.529910364 10.552412386
10.552418812 10.56878458
10.568790726 10.585836468
10.585842893 10.60756353
10.607570235 10.643955026
10.643962569 10.660625023
10.660632007 10.677402573
10.677408719 10.693864722
10.693871986 10.724133374
10.724142035 10.752358469
10.752367409 10.769097468
10.76910976 10.78565488
10.785665496 10.807564648
10.807576102 10.84408521
10.844096943 10.864046966
10.864058979 10.882827007
10.882839578 10.911793533
10.911801913 10.941204538
10.941218785 10.964444083
10.964451906 10.981528098
10.981539552 10.997833523
10.997844697 11.041097401
11.04114154 11.060985403
11.060997416 11.077622434
11.077634447 11.09423516
11.094242144 11.115989042
11.115995188 11.160134317
11.160142698 11.178975819
11.178982803 11.194119643
11.194126068 11.211104762
11.211113143 11.248165897
11.248177071 11.269402116
11.269409659 11.2808491
11.280861113 11.297532227
11.297538932 11.324248471
11.32425769 11.337541502
11.337547927 11.360787193
11.360795574 11.380196085
11.380207539 11.399442665
11.399449649 11.414619455
11.414626719 11.457114799
11.457121783 11.479907641
11.479914904 11.497581116
11.49759257 11.526376117
11.526383101 11.553175333
11.553182596 11.579478676
11.579486498 11.595584912
11.595590779 11.612215798
11.612221944 11.63000493
11.630011076 11.661242419
11.661248845 11.681106396
11.681114218 11.697898755
11.697905739 11.724551303
11.724557449 11.74685302
11.746859725 11.763521061
11.763527487 11.780348339
11.78035672 11.797720938
11.797761726 11.816259328
11.816266591 11.852748039
11.852758934 11.86095551
11.860962774 11.881096898
11.881103323 11.897696214
11.897703478 11.914520699
11.914531315 11.961049518
11.961058737 11.97766364
11.977673138 11.99415624
11.994166576 12.01107068
12.011077943 12.04144074
12.041452753 12.061449429
12.061459766 12.089966462
12.089978195 12.106261828
12.106271048 12.122886288
12.122894948 12.1664611
12.166468363 12.186086219
12.186092924 12.201708317
12.201714742 12.219340446
12.219346592 12.24845057
12.248456437 12.277849838
12.277856263 12.29448156
12.294488544 12.309819823
12.309826528 12.326285043
12.326291469 12.356966317
12.356972742 12.37792792
12.377934624 12.397856152
12.397862857 12.414620293
12.414628115 12.431248384
12.431255368 12.47794594
12.477952644 12.49445949
12.494467592 12.522863657
12.522871758 12.533766162
12.533777895 12.557511917
12.557518901 12.578384961
12.578391387 12.606837181
12.606843885 12.623279774
12.623286479 12.642783368
12.642790632 12.678486789
12.678493494 12.698488493
12.698494919 12.715059316
12.7150663 12.731751659
12.731758363 12.767989784
12.767997047 12.796276621
12.796283605 12.811418209
12.811424914 12.843059381
12.843067203 12.856337326
12.856344031 12.901039097
12.901045802 12.915619443
12.915626706 12.939640931
12.939652385 12.959392044
12.959404616 12.976002535
12.97600924 12.992204874
12.992211579 13.012083657
13.012090083 13.031802644
13.031813539 13.056834597
13.056841022 13.076083132
13.076090675 13.111368623
13.111375328 13.119815226
13.11982221 13.140379293
13.140385998 13.165100591
13.165107575 13.186154385
13.186167236 13.220087189
13.220093894 13.24812511
13.24813824 13.256173898
13.256180323 13.273231373
13.273238357 13.289929305
13.289936569 13.328129132
13.328135837 13.348432272
13.348439535 13.364437658
13.364445201 13.38165018
13.381660796 13.410311365
13.410318629 13.436789869
13.436796574 13.455384133
13.455392514 13.468441937
13.468448642 13.481486332
13.481492757 13.510201434
13.510208418 13.528963316
13.5289703 13.555232855
13.555240957 13.57154722
13.571554763 13.588119439
13.588126423 13.618934248
13.618943188 13.63738408
13.637391622 13.656659992
13.65666977 13.673286408
13.673295906 13.690017584
13.690026803 13.727747239
13.727753943 13.745881947
13.745890328 13.762401925
13.762413379 13.779314129
13.779320834 13.802748392
13.802755097 13.83896836
13.838974786 13.85424097
13.854247675 13.871150662
13.871158484 13.887616161
13.887627895 13.919994579
13.920001842 13.948641516
13.948649058 13.962359182
13.962370915 13.979363298
13.97937559 14.011940623
14.011952915 14.037791674
14.037805363 14.054138443
14.054150177 14.073493138
14.073504592 14.093259896
14.09327135 14.128352625
14.128371063 14.153010786
14.153032856 14.171022572
14.171029557 14.187508746
14.187515172 14.218227735
14.218234719 14.24304681
14.243054912 14.257348349
14.257360362 14.273473024
14.273485316 14.301568212
14.301581063 14.33082305
14.330835901 14.360367867
14.360379321 14.381889876
14.381901609 14.414091734
14.414103747 14.437819331
14.437826315 14.447376132
14.447383116 14.476084248
14.476091232 14.498629572
14.498641864 14.52259435
14.522606362 14.551530709
14.551537134 14.571029278
14.571037379 14.590206015
14.59021272 14.606888863
14.606904787 14.639603355
14.639609501 14.662634775
14.662640921 14.679294155
14.679301977 14.695917496
14.695925877 14.712687226
14.712695327 14.731562249
14.731569512 14.771020058
14.771027601 14.790368328
14.790375032 14.807103136
14.807109562 14.826766528
14.826773233 14.86436097
14.864367675 14.883514245
14.88352067 14.898603592
14.898610017 14.915223024
14.915229449 14.940379291
14.940385717 14.971123704
14.971130408 14.988017749
14.988027526 14.999697167
14.999713929 15.016464102
15.016473321 15.049294252
15.049303192 15.071091716
15.071098979 15.090590283
15.090598943 15.107784089
15.10779247 15.12674432
15.126751304 15.162835499
15.162843601 15.179583716
15.17967004 15.1911905
15.191196646 15.207322996
15.207330818 15.235265374
15.235273755 15.271364097
15.271371081 15.290638893
15.290649229 15.307107466
15.307120317 15.324155722
15.324168014 15.358394986
15.358407558 15.388245431
15.388253253 15.396207058
15.396214042 15.412883759
15.412891022 15.429456535
15.429463519 15.452126455
15.452133159 15.488152263
15.488161203 15.507363084
15.507376494 15.524150973
15.524158516 15.540479305
15.540486289 15.581074689
15.581083908 15.60719309
15.607199516 15.623722846
15.623735417 15.640579458
15.640586163 15.668059763
15.668066747 15.705141573
15.705154145 15.721992599
15.722004053 15.739001463
15.739008447 15.755710571
15.755717555 15.791279337
15.791287438 15.82136668
15.821374502 15.838130544
15.838138646 15.855070964
15.855082697 15.898748862
15.898761713 15.921694794
15.921707086 15.938640804
15.938648626 15.966213301
15.966219726 15.985612136
15.985624148 16.023544052
16.023555505 16.054296842
16.054308296 16.063033149
16.06304572 16.082533672
16.082544847 16.099157853
16.099169307 16.146597681
16.146609414 16.162109988
16.162122 16.178659018
16.178665164 16.20205445
16.202062831 16.219484039
16.219490744 16.247144258
16.24715236 16.270031805
16.270041583 16.279868808
16.279875233 16.30120504
16.301212304 16.334791991
16.334800092 16.363324388
16.363332489 16.374247563
16.374255106 16.386262499
16.386269203 16.402835833
16.402849522 16.428664814
16.428677106 16.455363739
16.455375751 16.471843487
16.471852427 16.488761837
16.488768263 16.507580432
16.507588254 16.54778163
16.547791687 16.577275043
16.577283144 16.588380086
16.588386511 16.604863745
16.604869891 16.628754769
16.628762312 16.663468121
16.663475664 16.686558765
16.686571336 16.701805955
16.701812939 16.718118363
16.718124788 16.759379472
16.759389809 16.783035551
16.783042535 16.800795351
16.800802335 16.818119341
16.818130236 16.85934944
16.859358938 16.87174543
16.871752134 16.888369889
16.888377152 16.904931211
16.904938195 16.922802757
16.922814491 16.959533682
16.959540387 16.980178206
16.980184631 16.996239463
16.996245889 17.013309511
17.013316216 17.038124118
17.038131102 17.067717822
17.067724247 17.083836911
17.083844174 17.100325598
17.100333141 17.116727682
17.116735784 17.159841263
17.159849365 17.17193414
17.171945315 17.188738232
17.18874801 17.205186411
17.205196189 17.222017881
17.222027658 17.260259612
17.260268831 17.280318865
17.280330319 17.296947795
17.296959249 17.313633713
17.313646005 17.339101476
17.339111253 17.372264348
17.372271891 17.391623794
17.391631058 17.429317132
17.429325233 17.449319395
17.449327218 17.48677192
17.486781139 17.510797878
17.510805141 17.524451849
17.524457995 17.541175762
17.541182467 17.557986838
17.557993263 17.603585369
17.603597103 17.623524217
17.623537906 17.641171432
17.641183724 17.678082267
17.678089251 17.71128202
17.711288724 17.724224445
17.724236737 17.741481667
17.741493121 17.758075676
17.758087689 17.802898691
17.802912659 17.824756495
17.824768228 17.838792358
17.838803533 17.855823015
17.855833631 17.890853444
17.890865736 17.914343023
17.914349728 17.932549246
17.932561538 17.950090303
17.950097008 17.987982269
17.98799484 18.028240459
18.028246885 18.054811155
18.05481758 18.071582839
18.071589264 18.116266172
18.116272877 18.137338962
18.137351812 18.163641187
18.163647613 18.183145901
18.183153443 18.199780697
18.199788799 18.216409905
18.216420241 18.264065123
18.264071548 18.279444733
18.279451717 18.296020302
18.296026448 18.313976216
18.313983759 18.341844004
18.341856017 18.36405325
18.364060793 18.380437456
18.380445558 18.397220874
18.397229255 18.41946113
18.419470628 18.453931434
18.453944005 18.474795257
18.474807829 18.486641456
18.486648161 18.503333244
18.503344977 18.525469575
18.525476001 18.555881543
18.555889924 18.57497894
18.574985924 18.591913775
18.591920759 18.60839464
18.608401345 18.64608295
18.646089655 18.6750844
18.675091385 18.689130879
18.689137025 18.705553079
18.705560063 18.726185588
18.726192292 18.757003751
18.757014646 18.774921671
18.774932008 18.791583565
18.791594461 18.808385422
18.808396596 18.846331027
18.846342201 18.864104234
18.864116247 18.880980682
18.880988783 18.897358461
18.897365724 18.919727505
18.919734209 18.955865897
18.95587344 18.975393239
18.975400502 19.000807922
19.000815464 19.019880458
19.019893309 19.055839497
19.055852627 19.075229392
19.075236376 19.093025229
19.093032213 19.113011288
19.113023301 19.147760118
19.147767382 19.176354814
19.17636096 19.200143032
19.200149458 19.217334324
19.217341867 19.264383041
19.264391143 19.284009837
19.284016262 19.300581217
19.300587643 19.319913004
19.319919429 19.356036869
19.356043574 19.385215438
19.38522745 19.400017877
19.400027376 19.419972369
19.419979353 19.456622557
19.456629821 19.483267564
19.483274548 19.49968697
19.499693395 19.519932839
19.519939544 19.541976142
19.541986479 19.564265568
19.564273949 19.591276544
19.591289394 19.620027962
19.620035226 19.63358639
19.633593374 19.64540074
19.645408841 19.673123812
19.673130238 19.690885851
19.690893952 19.70894066
19.708947644 19.728619975
19.728628077 19.765651776
19.765664348 19.772612159
19.772619143 19.798562943
19.798569648 19.81991482
19.819921804 19.838000918
19.838007902 19.872928536
19.87293552 19.899606511
19.899617685 19.916916533
19.916927708 19.930973349
19.930979774 19.966452996
19.966462215 19.989643653
19.989651196 20.006566196
20.006573739 20.023021639
20.023028902 20.05538469
20.055391116 20.081365087
20.081373747 20.097897637
20.097904342 20.114484659
20.114490805 20.132785589
20.132792574 20.174825011
20.174831157 20.189595323
20.189601469 20.20538476
20.205391185 20.222860725
20.222866871 20.238642618
20.23865044 20.276798305
20.276804731 20.300441814
20.300447681 20.314576291
20.314582437 20.331023355
20.331030898 20.364633769
20.364646061 20.389879717
20.389891451 20.406083733
20.406095187 20.422987556
20.422995379 20.445278657
20.445285082 20.483949494
20.483956478 20.504190615
20.50419732 20.51710678
20.517113485 20.533815609
20.533822034 20.575510293
20.575516998 20.600521852
20.600528557 20.614670019
20.614676444 20.631276041
20.631282745 20.653469083
20.653477464 20.684000338
20.684006205 20.706226906
20.706235287 20.722935455
20.722941881 20.745382161
20.745388866 20.77524825
20.77526138 20.812602437
20.812610539 20.828617043
20.828624586 20.866678025
20.866685567 20.890638334
20.890645038 20.920262768
20.920270591 20.928573322
20.928579747 20.944805274
20.944811699 20.990725356
20.990731502 21.011402284
21.011408709 21.037381285
21.037387431 21.059474038
21.059480463 21.092943654
21.092951476 21.116262539
21.116269244 21.137081666
21.13708865 21.165235244
21.165242228 21.195829356
21.19583634 21.227499583
21.227506287 21.245451025
21.245461083 21.284171031
21.284181088 21.321716584
21.321723289 21.351970988
21.351980766 21.368736248
21.368746864 21.390033368
21.390039514 21.427961932
21.427968916 21.445569756
21.445578975 21.462207345
21.462216285 21.478980707
21.478990485 21.498519223
21.49852956 21.529104674
21.52911501 21.553871231
21.553883244 21.570461327
21.570484235 21.598271287
21.598294195 21.629480001
21.629488103 21.651268524
21.651275787 21.687269748
21.687278688 21.703925776
21.703942258 21.717548457
21.71756466 21.759826457
21.759833161 21.783674179
21.783680884 21.800003909
21.800010614 21.824619605
21.82462631 21.834171938
21.834178643 21.854577047
21.854584031 21.876843562
21.876849987 21.908341142
21.908348405 21.924951353
21.924957499 21.954549527
21.954562378 21.970795448
21.970807181 21.999756669
21.999768962 22.023556623
22.023568357 22.057210062
22.057221516 22.075987588
22.075999321 22.11981746
22.119836736 22.131675951
22.131682656 22.148446518
22.148452943 22.181874231
22.181880657 22.195628212
22.195634637 22.23678931
22.236796294 22.248398607
22.248405591 22.265032285
22.265039269 22.302808316
22.302816976 22.320758641
22.320766184 22.337376116
22.33738338 22.357013248
22.357019673 22.373660058
22.373666763 22.396089445
22.396097546 22.412624786
22.41263205 22.439767063
22.439774047 22.457188271
22.457195535 22.487942179
22.487953913 22.504360468
22.504367731 22.530827518
22.53083981 22.539007888
22.539019621 22.557521972
22.557605223 22.592950776
22.592957481 22.617954514
22.617961498 22.630577068
22.630583494 22.656932092
22.656940473 22.665216387
22.665223092 22.701066473
22.701074854 22.730186652
22.730193357 22.756895917
22.75690346 22.793630471
22.793637176 22.809514056
22.809520761 22.829964142
22.829970846 22.846662632
22.846670733 22.865643256
22.865649681 22.896152999
22.896159425 22.918050477
22.918057461 22.93772197
22.937729233 22.965321006
22.965330226 22.987508467
22.987518804 23.004896988
23.004906207 23.028981054
23.028993905 23.045430632
23.045437337 23.065451331
23.065458036 23.103769611
23.103776036 23.11264532
23.112651745 23.13017157
23.130179671 23.146832346
23.146840448 23.165889516
23.165897338 23.196398981
23.196405965 23.222431899
23.222439163 23.238881196
23.238889297 23.255695624
23.255703726 23.293074955
23.293082498 23.322718388
23.322725652 23.347543331
23.347551153 23.364174773
23.364182595 23.39054237
23.390549913 23.407564926
23.407571631 23.43471698
23.434724803 23.456354367
23.456361071 23.473045314
23.473052298 23.498793001
23.498800823 23.529656419
23.529663683 23.556483574
23.556490837 23.573286265
23.573292691 23.600743389
23.600750094 23.62954649
23.629554312 23.657069541
23.657076245 23.676779589
23.676789925 23.698962854
23.698971794 23.709651922
23.709660024 23.730028255
23.730037474 23.757352956
23.757361617 23.775983537
23.775991639 23.798985622
23.798996797 23.830182603
23.830190704 23.857832767
23.857841427 23.875958255
23.875967195 23.899344746
23.899353407 23.930244483
23.930253423 23.949605045
23.949614264 23.975303002
23.975315015 23.983553773
23.983562154 24.000376023
24.000384684 24.030072256
24.030080916 24.049389514
24.049397057 24.074962597
24.074970699 24.083193811
24.083202192 24.09987163
24.099880849 24.129943047
24.129952266 24.140716485
24.140725146 24.158069249
24.158077071 24.174782826
24.174792046 24.199337902
24.199349356 24.230235124
24.230246299 24.251823344
24.251830048 24.274449124
24.274455829 24.299360671
24.299368493 24.328465486
24.32847722 24.354651497
24.354669655 24.374205937
24.37421795 24.391094956
24.391110042 24.420760457
24.420767162 24.442406225
24.44241265 24.465350762
24.465357187 24.482695703
24.482702128 24.499318766
24.499325192 24.529592725
24.529599429 24.554831965
24.55483867 24.56749391
24.567500336 24.591221507
24.591228491 24.618346743
24.618353448 24.642749285
24.642755989 24.671645137
24.671652121 24.689278104
24.68928453 24.722314984
24.72232141 24.743139978
24.743146404 24.779861684
24.77986783 24.797246855
24.797253001 24.831105625
24.831112051 24.863181491
24.863189313 24.879821875
24.8798283 24.899692836
24.899702055 24.91616057
24.916166996 24.938689969
24.938697512 24.976608755
24.976615739 24.994010968
24.994017114 25.010270856
25.01027784 25.049298162
25.049304867 25.072977707
25.072990279 25.096501367
25.096512542 25.116190463
25.116197447 25.149668179
25.149674884 25.169629657
25.1696372 25.188344325
25.18835103 25.205155401
25.205162106 25.224545854
25.224553396 25.25556097
25.255568792 25.272226494
25.272234316 25.29585827
25.295870562 25.316184596
25.316192138 25.350745413
25.350756587 25.370197327
25.370206825 25.387168199
25.387175183 25.40776523
25.407774169 25.424723252
25.424733309 25.44721773
25.447225273 25.463590761
25.463597746 25.486511551
25.486521049 25.496796098
25.4968042 25.518868177
25.518877675 25.546815864
25.546826759 25.563435293
25.563443674 25.586412517
25.58641978 25.596830879
25.596836746 25.616330565
25.616337269 25.646731076
25.646737781 25.663479016
25.663485162 25.685823475
25.685830459 25.716735783
25.716746958 25.738805069
25.738815126 25.755417515
25.755428131 25.785620794
25.785628896 25.802086017
25.802096353 25.818497879
25.818505981 25.846871039
25.846879699 25.863477059
25.863483763 25.89406279
25.894070053 25.919517981
25.919524965 25.947101375
25.947109477 25.963531674
25.9635381 25.980162001
25.980168427 25.996978104
25.996989558 26.02599129
26.026005258 26.046996193
26.047002618 26.080392337
26.080401277 26.101777457
26.101786397 26.124902464
26.12490889 26.141762428
26.141768854 26.16355123
26.16356017 26.1806643
26.180670725 26.201272226
26.201279769 26.209559592
26.209567973 26.233065373
26.233071798 26.26978652
26.269793225 26.289472263
26.289478967 26.305969611
26.305977433 26.333138148
26.333145411 26.349711482
26.349718187 26.371946431
26.371953136 26.400475475
26.400481901 26.417125917
26.41713318 26.433605945
26.433612649 26.450415902
26.450427356 26.472042952
26.472054127 26.502608567
26.502615831 26.517177738
26.517184443 26.533830973
26.533837678 26.572338937
26.572346201 26.589946207
26.589957381 26.608817318
26.608824302 26.641717868
26.641724572 26.664042494
26.664049198 26.680626166
26.680634827 26.708057865
26.708065408 26.72439765
26.724407148 26.741722479
26.741761312 26.763997376
26.764007433 26.79077955
26.790786255 26.815891961
26.815902577 26.833421842
26.833428826 26.869391217
26.869398201 26.891158232
26.891164936 26.907847781
26.907854207 26.93329962
26.933306324 26.941559329
26.941566313 26.971232933
26.971247739 26.991306994
26.991318727 27.008073089
27.008085102 27.034006833
27.034013259 27.064395333
27.064406228 27.083762039
27.083775169 27.106926995
27.106934258 27.125046336
27.125054717 27.164307472
27.164316132 27.18382336
27.183830065 27.200189128
27.200201699 27.216872812
27.216886221 27.242244752
27.242252015 27.263990252
27.264001706 27.298046537
27.298055476 27.314486056
27.31449751 27.353229807
27.353240702 27.372351512
27.372362128 27.389149735
27.38915616 27.430468674
27.430476217 27.446907634
27.446916015 27.461163636
27.461170061 27.489239828
27.489247651 27.50985111
27.509860608 27.525996459
27.526007913 27.550597349
27.550609641 27.581087256
27.581101783 27.601366651
27.601379782 27.621351034
27.621364164 27.642092218
27.642106745 27.681446101
27.681458393 27.723241916
27.723253929 27.739353183
27.739367989 27.752964131
27.752976423 27.790589584
27.790596847 27.820473827
27.820482208 27.848522365
27.848531863 27.861842494
27.861853948 27.899116502
27.899124883 27.922863658
27.922870642 27.93938028
27.939388382 27.967013962
27.967021784 27.99805282
27.998060642 28.022816584
28.022825244 28.039793323
28.039802542 28.06187043
28.061879929 28.100343476
28.100353813 28.127555315
28.12756174 28.15608436
28.156090785 28.167122075
28.167130177 28.179015207
28.179021353 28.220890083
28.220896787 28.23940752
28.239416459 28.25603086
28.256037565 28.276301036
28.276309975 28.311057966
28.311066068 28.329665918
28.329672902 28.360514811
28.360521516 28.384237936
28.384252184 28.435270122
28.435280458 28.456277541
28.456284525 28.472848919
28.472857021 28.508455679
28.508462105 28.52600875
28.526021321 28.542284841
28.54229378 28.572147573
28.572154836 28.600902067
28.600910168 28.617653916
28.617664811 28.669910559
28.669921455 28.70571734
28.705725163 28.725650325
28.725660382 28.742167786
28.742175329 28.780359509
28.780371801 28.809541992
28.809553725 28.824986413
28.824993117 28.842495062
28.842502046 28.869906646
28.86991782 28.889602166
28.889612223 28.906278309
28.906288645 28.922904444
28.922915339 28.942559736
28.94257119 28.981365226
28.981376959 28.992451831
28.992458815 29.015850894
29.015863745 29.032448535
29.032456357 29.050944739
29.050951444 29.081522927
29.081541086 29.097837571
29.097844555 29.11491125
29.114919352 29.132095835
29.13210254 29.150881744
29.150888169 29.181968655
29.18197508 29.201046499
29.201053762 29.215270093
29.215276798 29.25073773
29.250749184 29.258982354
29.258989059 29.281266749
29.281276527 29.292413138
29.292419564 29.323182693
29.323189677 29.34267595
29.342682934 29.35739933
29.357407153 29.381643193
29.381649898 29.407436696
29.407445636 29.424427683
29.424435785 29.442853207
29.442862985 29.465258848
29.465265553 29.48179056
29.481797544 29.51461624
29.514625459 29.534364561
29.534375456 29.549796409
29.549803114 29.567690583
29.567697287 29.591276821
29.591287996 29.613822984
29.613835276 29.634467504
29.634478679 29.664880868
29.664893999 29.683204147
29.683215601 29.705370093
29.705379032 29.726180558
29.726192291 29.76062516
29.760635496 29.7834884
29.783494825 29.795058028
29.795066129 29.812771453
29.812778437 29.829393955
29.829477206 29.861089045
29.861096309 29.883742205
29.883750306 29.904255705
29.90426213 29.920719809
29.920726514 29.94256197
29.942568954 29.965124614
29.965131598 29.984323423
29.984330407 30.00405526
30.004061965 30.026632432
