0.00860277 0.030158861
0.03017227 0.044013694
0.044026545 0.063040414
0.063053824 0.085430969
0.085444658 0.101995925
0.102004306 0.119103125
0.119117093 0.13268921
0.13269815 0.149140184
0.14914633 0.165878065
0.165886446 0.182820163
0.182827985 0.195711744
0.195718449 0.21246555
0.212480077 0.228802543
0.228809527 0.245310506
0.245316932 0.265697736
0.265708631 0.282566079
0.282573063 0.299195009
0.299202552 0.315609107
0.315620282 0.332252282
0.332262898 0.345896196
0.345906812 0.361784528
0.361806318 0.37795027
0.377957254 0.401425321
0.401433143 0.419696916
0.419711722 0.436287293
0.436300982 0.452943041
0.452958126 0.468632465
0.468647271 0.485321179
0.485335986 0.50176405
0.501776901 0.515657436
0.515671963 0.529746937
0.529760906 0.545011726
0.545025135 0.561636744
0.561651271 0.577152683
0.577165813 0.593510068
0.593524595 0.610146541
0.61015995 0.626917387
0.626932193 0.643741593
0.64375584 0.657700629
0.657715435 0.674253291
0.674267539 0.695415198
0.695425535 0.711927912
0.711934338 0.728752675
0.728761336 0.745469886
0.745482178 0.762251627
0.762260008 0.778943133
0.778950956 0.793679643
0.793693611 0.810122236
0.810135925 0.82697773
0.826985831 0.843994976
0.84400224 0.859430179
0.859437443 0.891336468
0.891344569 0.912141906
0.91214861 0.926708842
0.926715547 0.940646925
0.94065335 0.954233849
0.954243347 0.97061945
0.970626434 0.987342246
0.987349231 1.002260901
1.002268165 1.017131227
1.017137932 1.029339204
1.029346467 1.045809732
1.045817275 1.062585049
1.062591754 1.079364834
1.079372097 1.096000469
1.096007173 1.112762376
1.112769919 1.12942399
1.129432092 1.146159638
1.146166622 1.162651117
1.16265866 1.179551032
1.179557737 1.196332495
1.196341714 1.212953042
1.212960305 1.22934116
1.229348423 1.24606982
1.246076525 1.262708807
1.262716071 1.279337179
1.279345001 1.299435821
1.299442526 1.318821526
1.318830466 1.332694237
1.332703177 1.349490228
1.349497492 1.365833646
1.365840072 1.393617345
1.39362405 1.407796242
1.407803226 1.423946059
1.423962542 1.438457122
1.438463827 1.454396019
1.454402723 1.468560109
1.468566814 1.482038919
1.482045623 1.516138782
1.516145487 1.526946861
1.526955242 1.540827953
1.540834658 1.555468362
1.555477302 1.571094651
1.571103311 1.58256091
1.58257013 1.59907111
1.599082564 1.61631129
1.616318833 1.631698162
1.631704866 1.647904691
1.647912514 1.664274648
1.664281074 1.680950512
1.680957216 1.697541726
1.697551783 1.712733042
1.712739468 1.729509476
1.729516181 1.746295968
1.746303511 1.762927969
1.762935232 1.779703006
1.77970999 1.790973154
1.790982932 1.807756291
1.807764393 1.822812955
1.82281966 1.838877287
1.838883712 1.854501619
1.854508883 1.868689176
1.868695881 1.88132961
1.881338271 1.896094335
1.89610104 1.913269983
1.913285069 1.929680448
1.929694136 1.943862139
1.943876945 1.956765733
1.95678026 1.973201342
1.973210561 1.989961573
1.989968278 2.007626946
2.007634489 2.023240942
2.023247647 2.038133896
2.038142556 2.05458487
2.054594648 2.071154852
2.071162953 2.091348201
2.091357979 2.107562274
2.107575683 2.124335354
2.124349322 2.14026224
2.140269503 2.156979168
2.156985873 2.174340314
2.174347577 2.190988518
2.190996899 2.207650972
2.207657677 2.2211823
2.221189284 2.237416767
2.23742431 2.254076424
2.254083688 2.270557291
2.270564834 2.287869548
2.287877091 2.304501827
2.304509929 2.321304803
2.321314581 2.335357984
2.335365527 2.349336576
2.34934356 2.365839233
2.365845659 2.382857877
2.382865141 2.399616989
2.399624253 2.416103163
2.416109589 2.42984625
2.429853514 2.444910456
2.444916881 2.460487016
2.46049372 2.482723642
2.482730346 2.493870869
2.493877573 2.510360394
2.510369334 2.524695456
2.524702161 2.54106681
2.541074353 2.557699373
2.557706077 2.574759082
2.574766345 2.591527415
2.591534958 2.607725004
2.607731708 2.624932218
2.624939481 2.641562266
2.641571205 2.655887549
2.655894533 2.668945354
2.668952338 2.697421879
2.697431936 2.713993257
2.714001918 2.727073412
2.727080117 2.743516005
2.74352271 2.758530483
2.758537188 2.775318929
2.775326193 2.791995909
2.79200401 2.807666616
2.80767388 2.818799317
2.818806581 2.834954162
2.834961705 2.851567727
2.851575828 2.868933342
2.868942561 2.885609762
2.885616746 2.89933972
2.899348101 2.922526185
2.922535404 2.933951102
2.933958086 2.950823917
2.950830622 2.967854013
2.967860718 2.984323146
2.984330131 3.000801498
3.000808203 3.017581563
3.017588827 3.034201833
3.034208258 3.050854227
3.050860932 3.06617964
3.066191652 3.082835947
3.082844608 3.099501751
3.099509015 3.116277068
3.116283494 3.133011876
3.133019418 3.150487561
3.150494825 3.167113417
3.167124871 3.182717356
3.182724061 3.199526196
3.199535974 3.216121042
3.216129423 3.2334685
3.233474925 3.247449604
3.24745603 3.260572781
3.260579207 3.289471147
3.289477852 3.299481917
3.299488901 3.316123417
3.316134312 3.332731672
3.332739215 3.349418152
3.349425136 3.366251856
3.366259678 3.38286486
3.382874359 3.399306336
3.399315276 3.416124954
3.416135011 3.430894149
3.430903368 3.443908094
3.443917313 3.460226649
3.460238103 3.476966205
3.476974865 3.516121182
3.516128725 3.535827598
3.535835141 3.544004336
3.544012996 3.560516488
3.560523193 3.574447311
3.57445625 3.590273344
3.590280607 3.624594466
3.624602008 3.647681199
3.647689859 3.665027817
3.665035639 3.681657304
3.681665126 3.698002679
3.69801078 3.714322909
3.714331011 3.73298813
3.732995952 3.747638037
3.747647815 3.764236515
3.764244058 3.777713648
3.777720353 3.791072328
3.791079033 3.806194363
3.80620442 3.822798428
3.82280597 3.83957123
3.839581288 3.856428399
3.85643678 3.872573747
3.872581569 3.885556405
3.885563668 3.897584748
3.897593687 3.913914199
3.913920903 3.941477755
3.941486695 3.957965327
3.957972591 3.97457973
3.974590625 3.988689064
3.988696048 4.005407949
4.005417168 4.021983799
4.021991063 4.038749337
4.038756321 4.053514343
4.053521327 4.06913141
4.069138115 4.080992136
4.080998841 4.096639096
4.096645522 4.111984344
4.111990769 4.12459209
4.124598795 4.149723777
4.149732716 4.166335665
4.166342929 4.181113799
4.181121063 4.197775975
4.197787708 4.212944661
4.212951924 4.229560181
4.229567165 4.245613618
4.245622558 4.262678915
4.262685899 4.278996911
4.279005572 4.296049078
4.296058856 4.312582744
4.312591684 4.333135915
4.333142899 4.349624043
4.349633821 4.366305214
4.366312757 4.381073292
4.381080556 4.396004519
4.396010945 4.412037004
4.412045105 4.428588828
4.428598047 4.444105046
4.444112309 4.460721403
4.460728387 4.47275338
4.472760085 4.4878282
4.487834625 4.503269828
4.503276533 4.516383506
4.516389932 4.532923876
4.53293086 4.549562863
4.549569568 4.564399106
4.564405811 4.579818104
4.579825926 4.594580316
4.5945873 4.61125059
4.611257295 4.627429463
4.627436447 4.644115661
4.644123204 4.660691232
4.660699054 4.677484428
4.677491133 4.694121179
4.694128443 4.708051442
4.708058146 4.724654669
4.724662212 4.741267673
4.741274657 4.756022063
4.756029047 4.771920733
4.771927437 4.788659731
4.788666436 4.805378337
4.8053856 4.819142934
4.819153271 4.835346112
4.835353934 4.851945427
4.851955205 4.868611233
4.868617658 4.885218093
4.885228709 4.899751782
4.899760722 4.916387417
4.916396636 4.933181731
4.933188715 4.94779057
4.947800906 4.964139017
4.964145722 4.980905951
4.980916287 4.997523986
4.997530691 5.010871493
5.010879874 5.026360891
5.026367596 5.039691356
5.039700017 5.056026114
5.056034495 5.072641633
5.072648338 5.085851414
5.085859795 5.102598793
5.102606335 5.119227722
5.119234706 5.135869782
5.135876766 5.149766519
5.149773503 5.16470529
5.164713112 5.181331705
5.181338689 5.194233623
5.194241166 5.208998349
5.209005054 5.225828421
5.225835126 5.239836346
5.239843889 5.256458013
5.256464717 5.273189189
5.27319757 5.289625914
5.289634574 5.302533421
5.30254264 5.323335506
5.32334249 5.340136804
5.340146023 5.35621259
5.356219853 5.373482383
5.373489367 5.385807693
5.385814119 5.399788518
5.399794944 5.416393144
5.416400407 5.433220423
5.433235508 5.449657707
5.449667205 5.465345456
5.465352719 5.481180148
5.481190205 5.497806006
5.497813549 5.51440169
5.514408674 5.527458378
5.527467317 5.541649566
5.541657108 5.557555778
5.557562483 5.575064427
5.575073367 5.590746309
5.590753014 5.607415187
5.607423288 5.624029869
5.624036573 5.64068394
5.640694556 5.657479372
5.657500324 5.675117367
5.675124351 5.689652176
5.689662792 5.706226907
5.706233891 5.71945289
5.719462389 5.732733349
5.732740334 5.749452793
5.749459498 5.766567818
5.766576758 5.783390346
5.783400682 5.79960805
5.79961699 5.816271899
5.816285588 5.832918428
5.83292625 5.84805052
5.848061415 5.864582508
5.86459061 5.881358384
5.881369279 5.899939236
5.899952645 5.911056292
5.911063276 5.924865869
5.924872573 5.941540614
5.941549274 5.958311182
5.958317887 5.974955196
5.97496218 5.991527693
5.991535236 6.008152431
6.008159136 6.025068828
6.025075532 6.039624867
6.039631851 6.055661542
6.055668247 6.069573088
6.069580352 6.087422283
6.08743681 6.102697129
6.102707466 6.117003696
6.117012077 6.133792701
6.133801082 6.150001187
6.150007612 6.167205328
6.167211753 6.183259883
6.183266588 6.199896075
6.199903059 6.214675328
6.214682312 6.229859102
6.229865806 6.244344461
6.244353401 6.259168692
6.259177912 6.291845192
6.291853573 6.309347975
6.30935915 6.325065895
6.325079025 6.339604054
6.339611318 6.354390012
6.354396997 6.375063311
6.375073368 6.387634182
6.387641166 6.402775491
6.402784151 6.417723761
6.417732421 6.43138164
6.43139086 6.445760563
6.445768106 6.461131232
6.461137937 6.47773837
6.477745913 6.494402779
6.494410602 6.50962315
6.509629575 6.526348459
6.526355164 6.543079916
6.543088856 6.561193948
6.561203447 6.577903895
6.577912276 6.595489649
6.595505852 6.612031415
6.612045942 6.62806837
6.628082339 6.644744792
6.644759878 6.661399703
6.661413951 6.691826193
6.691841558 6.708442831
6.708459034 6.723217056
6.723232421 6.736520701
6.736537742 6.752015688
6.752027701 6.769384097
6.76939136 6.78616081
6.786167235 6.802880811
6.802895338 6.819397157
6.8194047 6.835910149
6.835917133 6.852532933
6.852539917 6.868864617
6.868871322 6.886207604
6.886217102 6.908419085
6.908428025 6.925568194
6.925576295 6.941864956
6.941872499 6.956408146
6.956416247 6.975045151
6.975052973 6.986259146
6.986268365 7.002708165
7.002715987 7.01963769
7.019646071 7.03611269
7.036120791 7.052721224
7.052729047 7.069494306
7.069502407 7.086583071
7.086593407 7.102916989
7.102925091 7.119702364
7.1197127 7.136325984
7.136333807 7.151535459
7.15154384 7.168161874
7.168170814 7.184512275
7.184520377 7.200144431
7.200156723 7.215043531
7.21505247 7.228280409
7.228296892 7.244968283
7.24498728 7.261612858
7.261628782 7.302414691
7.302438717 7.317065716
7.317074376 7.331855024
7.331863685 7.345186049
7.34519415 7.362287385
7.362298839 7.378783056
7.378791716 7.402980266
7.402988367 7.419561144
7.419569804 7.434003483
7.434015775 7.448656182
7.448665401 7.462023244
7.462032184 7.477925267
7.477934206 7.494572073
7.494579895 7.511144292
7.511151276 7.527918492
7.527925476 7.544537921
7.544546302 7.558105848
7.558113391 7.574545366
7.574553189 7.592068822
7.592080556 7.608001574
7.60801219 7.624473221
7.624481602 7.640005921
7.640015699 7.656618367
7.656628424 7.673276072
7.673283895 7.691824517
7.691832898 7.70841713
7.708426908 7.725218427
7.725225132 7.739905768
7.739914429 7.756629682
7.756639739 7.773889975
7.773898077 7.790479794
7.790489013 7.804577676
7.804586336 7.819682668
7.819689931 7.831912714
7.831919419 7.848215623
7.848224004 7.864951829
7.864959372 7.881783578
7.881792797 7.898275617
7.898284278 7.914924939
7.914932482 7.929939419
7.929946403 7.9420309
7.942042913 7.95874252
7.958749783 7.975359996
7.975373405 7.989831947
7.989848709 8.005365205
8.005381409 8.021769247
8.021776231 8.036375851
8.036384511 8.048442188
8.048451966 8.064723309
8.064730293 8.09062688
8.090637216 8.1085976
8.108605981 8.125693627
8.125702287 8.140313921
8.140320905 8.156218457
8.156227118 8.17277028
8.17277922 8.189012848
8.189021788 8.205958577
8.205966958 8.222429107
8.222435812 8.239039877
8.239049375 8.2557948
8.255801505 8.271854382
8.271862763 8.286498143
8.286505686 8.303118691
8.303127072 8.323331595
8.323339976 8.339392296
8.339399559 8.356228514
8.356239968 8.372798496
8.37280548 8.389461509
8.389471846 8.404658411
8.404666234 8.419843583
8.419853361 8.436435635
8.436443178 8.453084119
8.453094456 8.465020273
8.465027816 8.481792797
8.481802575 8.498409154
8.498416138 8.514993943
8.515004839 8.531512803
8.531522302 8.548175814
8.548184753 8.564886318
8.564896375 8.581622803
8.581631464 8.595619552
8.595629609 8.611496432
8.611504254 8.628830479
8.628844168 8.644739763
8.644750938 8.661572628
8.661584362 8.678139819
8.678147641 8.706695961
8.706705739 8.72341345
8.723421551 8.736771292
8.736781349 8.753322837
8.753332056 8.767047487
8.767055868 8.783713012
8.783723069 8.800487491
8.800495313 8.817108877
8.817118375 8.84085966
8.840870276 8.857578547
8.857585252 8.875538649
8.875546751 8.907479299
8.907489077 8.925681056
8.92568832 8.94094808
8.94096121 8.953104373
8.953114989 8.967070953
8.967077937 8.982564822
8.982573203 8.999287337
8.999296557 9.011420723
9.011427428 9.027190606
9.027198707 9.041064156
9.041072257 9.056752742
9.056759727 9.069801328
9.069809429 9.084160695
9.084178295 9.117598745
9.117609919 9.134170962
9.134187165 9.149827142
9.149843066 9.166436795
9.166446014 9.181779247
9.181789863 9.193241597
9.193295794 9.211736686
9.21174367 9.225507151
9.225517208 9.241566176
9.241575954 9.256768107
9.256778722 9.269954141
9.26996783 9.284716352
9.284729762 9.31782475
9.317833411 9.336907901
9.336919075 9.35082252
9.350833136 9.367016477
9.36702402 9.383975616
9.383983997 9.401021637
9.401031414 9.417503061
9.417511721 9.43381128
9.43381994 9.450766506
9.450774608 9.46737197
9.467383982 9.483703374
9.483712314 9.500343198
9.500352417 9.534069273
9.534076815 9.550851574
9.550869453 9.567548388
9.567555931 9.584247717
9.584258053 9.600720761
9.600728583 9.617601118
9.617609499 9.634366937
9.634375597 9.650409478
9.650418418 9.666523817
9.666530521 9.682157647
9.682166028 9.698791045
9.698799985 9.715663581
9.715670286 9.742522861
9.742531242 9.76207367
9.762082051 9.776282739
9.776289444 9.792752987
9.792770867 9.809849575
9.809863543 9.826480179
9.826496103 9.842318226
9.84233415 9.857273759
9.85728242 9.870079575
9.870086559 9.884823907
9.884833964 9.898812278
9.898820939 9.915282806
9.915292025 9.932066504
9.932076841 9.948689846
9.948701579 9.965325759
9.965335537 9.978329926
9.978339145 9.992229178
9.992240632 10.007336963
10.007348417 10.023554109
10.023569754 10.036699076
10.036715 10.052118074
10.052130366 10.065358305
10.065374229 10.081567629
10.081584111 10.098069446
10.098083694 10.117412966
10.117427773 10.131937437
10.131948891 10.14862643
10.148633694 10.161757987
10.161767765 10.175537671
10.175547449 10.190316925
10.190324468 10.205995732
10.206004951 10.222530795
10.222540852 10.239233198
10.239240182 10.253385833
10.253395052 10.269104871
10.269113252 10.28186599
10.281872974 10.297206208
10.297215148 10.330628892
10.330650124 10.352742315
10.352749299 10.364910343
10.364919283 10.381616098
10.381625038 10.398686144
10.398695363 10.415243277
10.415254172 10.430339887
10.430352179 10.445503547
10.445516957 10.461907868
10.46192016 10.478032262
10.478040643 10.494814563
10.494821268 10.507197422
10.507205802 10.524074706
10.524084204 10.540854493
10.540862036 10.557189249
10.557198748 10.574298129
10.574307348 10.590320277
10.59032782 10.606816228
10.606825167 10.625072738
10.62508056 10.637755914
10.637765971 10.654677897
10.654686837 10.670310332
10.670318992 10.687068326
10.687078104 10.703921586
10.703931085 10.720465587
10.720472572 10.736998137
10.737006518 10.753746354
10.753755573 10.770640122
10.770647665 10.787274917
10.787284136 10.80407398
10.804084875 10.820844547
10.82085181 10.837277362
10.837286302 10.853816615
10.853824996 10.870528235
10.870535499 10.887514473
10.887525089 10.903918233
10.903927732 10.920437652
10.920449944 10.936886949
10.936896726 10.95427659
10.954285529 10.971078725
10.971087105 10.986354131
10.986364467 11.002835274
11.00284561 11.014954413
11.014961397 11.029427762
11.029436981 11.045167191
11.045175851 11.061072565
11.061079269 11.077560135
11.077568796 11.090472112
11.09048161 11.104669726
11.104677549 11.120300762
11.12031054 11.140908969
11.140920702 11.154947903
11.154954887 11.168899118
11.168912807 11.185775007
11.185782271 11.198581941
11.198601217 11.21507482
11.215086833 11.229963304
11.230051025 11.246754265
11.246764042 11.263366711
11.26337565 11.278714472
11.278722015 11.290617661
11.290628835 11.3070921
11.30710132 11.323734999
11.323743938 11.340308612
11.340325094 11.35731692
11.357333682 11.373609494
11.373623462 11.390157686
11.390173889 11.406833828
11.406845841 11.422158959
11.422166781 11.438797667
11.438806606 11.455550914
11.455560692 11.470324299
11.470332959 11.48421126
11.484221038 11.515548762
11.515559657 11.532245019
11.532254796 11.548476689
11.548487305 11.565046393
11.565056171 11.59856434
11.598571045 11.620447848
11.620459023 11.631752358
11.631761856 11.648320106
11.648329605 11.6651404
11.665149339 11.681123996
11.681133494 11.695341166
11.69534815 11.708351478
11.708360139 11.745674658
11.745686391 11.766089541
11.766096805 11.773875449
11.773884948 11.789686678
11.789697573 11.806358348
11.806365611 11.823938795
11.823948294 11.84133933
11.841350784 11.856928462
11.856936564 11.874631552
11.874640491 11.890637216
11.890646155 11.907313638
11.907321739 11.924077499
11.924087836 11.940733247
11.940744981 11.957379499
11.957387321 11.97394948
11.973959817 11.990255185
11.990264125 12.007348976
12.007367135 12.02392762
12.023938236 12.040804626
12.040815242 12.062378595
12.062391166 12.073694281
12.073705456 12.09040199
12.090410371 12.107121434
12.107128418 12.123896751
12.12390597 12.14051227
12.140521768 12.16522826
12.165236641 12.190197635
12.190207692 12.207364063
12.207373003 12.223492649
12.223500192 12.240552639
12.240561858 12.2575453
12.257556474 12.274184566
12.27419183 12.290129331
12.290137992 12.306012075
12.306020735 12.320391836
12.320399378 12.332626073
12.332637247 12.349445529
12.349454468 12.365355371
12.365370178 12.382655057
12.382663717 12.399350194
12.399359693 12.415969067
12.415976051 12.432597158
12.432606657 12.449240893
12.449278328 12.466605391
12.466621036 12.483249126
12.483265888 12.49882876
12.498838258 12.513734287
12.51374155 12.52907534
12.52908428 12.541571902
12.54159034 12.557371956
12.557388159 12.574391994
12.574401493 12.590785699
12.590804696 12.607384456
12.607400379 12.623559137
12.623568077 12.64046827
12.640479445 12.657363154
12.657371256 12.673733113
12.673744567 12.687971236
12.687985483 12.704483109
12.704491769 12.720586274
12.720598287 12.737204028
12.737213248 12.750500969
12.750512423 12.765669378
12.765682229 12.782440226
12.782454473 12.799093737
12.799109102 12.815780216
12.815791112 12.831987862
12.832005741 12.848837489
12.848846149 12.862372451
12.862379435 12.878852478
12.878868961 12.895705459
12.895716633 12.912015631
12.912027364 12.928588967
12.928601538 12.94255471
12.942564487 12.957533706
12.957542925 12.97410369
12.974112909 12.990767541
12.99077676 13.007480837
13.007487262 13.023616128
13.023626185 13.040604041
13.040612981 13.054219738
13.054226722 13.069649353
13.069660528 13.087277292
13.087288467 13.102899668
13.102908049 13.1195624
13.119571899 13.13249896
13.1325079 13.149174823
13.149182646 13.16583979
13.165850406 13.182469558
13.182480453 13.199267503
13.199280913 13.215334349
13.215345803 13.232170009
13.232178669 13.245667815
13.245675078 13.260679776
13.260687878 13.277225735
13.277239144 13.293566917
13.29357446 13.310202831
13.310215682 13.324256294
13.324268865 13.340869577
13.340885222 13.357590977
13.357607181 13.374107601
13.374117658 13.391206422
13.391218155 13.407347581
13.40736099 13.423926781
13.42394019 13.437575444
13.437585781 13.452457224
13.452468399 13.469118
13.469129733 13.484994879
13.485005215 13.499484988
13.499495604 13.51249111
13.512506755 13.55782732
13.557837656 13.569344427
13.569354763 13.584615082
13.584629608 13.598828899
13.598835883 13.615462299
13.615471239 13.632230909
13.632239569 13.648860118
13.648867102 13.662480566
13.662489226 13.677817709
13.677826649 13.694602525
13.694609788 13.711160494
13.711169154 13.72541929
13.725427671 13.740891648
13.740898632 13.757539852
13.757549071 13.774219627
13.774234433 13.790384251
13.790394308 13.807044469
13.807053409 13.823690159
13.82369854 13.840456816
13.840467711 13.854086201
13.854096258 13.86991028
13.869916985 13.887425635
13.887434296 13.904063223
13.904071604 13.920797474
13.920804458 13.958649771
13.958658711 13.991059476
13.991068974 14.007587834
14.007594539 14.024320686
14.024330743 14.040893743
14.040909108 14.057479649
14.057486633 14.073986775
14.073996833 14.090634702
14.090645597 14.107132329
14.107140151 14.123911278
14.123922732 14.140536294
14.140546072 14.157051802
14.157059065 14.174301202
14.174311818 14.198838396
14.198849571 14.215538565
14.215546388 14.231844547
14.231854325 14.24933504
14.249344259 14.265854737
14.265862 14.273822787
14.273831448 14.291144264
14.291160187 14.306649586
14.306659643 14.323124027
14.323133804 14.339739266
14.339746251 14.354502316
14.354512373 14.37082562
14.370835119 14.399529268
14.399544633 14.416563835
14.4165792 14.431053945
14.431068472 14.446378798
14.446385782 14.457696158
14.457704818 14.473900731
14.473909392 14.495980633
14.495987337 14.507304138
14.507312798 14.522209106
14.522217487 14.538263939
14.538270923 14.555035345
14.555044006 14.571675169
14.571683829 14.614983187
14.614989892 14.638520258
14.638529197 14.649276372
14.649285592 14.663574838
14.663581822 14.680304896
14.680313835 14.696591046
14.696601103 14.713777586
14.713787364 14.730436688
14.730446186 14.746321946
14.746332004 14.762920705
14.762928807 14.779161595
14.779173049 14.795854499
14.7958626 14.80771271
14.80772165 14.824440813
14.824449753 14.855862964
14.855871903 14.865673148
14.865682087 14.882291183
14.88230096 14.899467109
14.899474373 14.920844127
14.920853346 14.937425006
14.937434505 14.954051979
14.954059801 14.970691524
14.970702699 14.98717267
14.987184403 15.003825343
15.003837077 15.021009092
15.021022223 15.037632434
15.037642212 15.054411382
15.054422836 15.066281886
15.066294458 15.082436732
15.0824507 15.099230487
15.099241661 15.115841258
15.115854388 15.131519506
15.131528725 15.148398188
15.148408804 15.162710343
15.162722076 15.178190242
15.178202255 15.19125168
15.191263134 15.207514919
15.207525535 15.224646147
15.224657043 15.241984943
15.241992486 15.258389263
15.25839904 15.27440275
15.274419512 15.29117248
15.291186727 15.30766396
15.307682119 15.323820204
15.323836686 15.340315877
15.34032314 15.357029453
15.357038114 15.373712299
15.373720959 15.390497115
15.390504099 15.407388366
15.407398144 15.42456122
15.424570718 15.441620372
15.441627915 15.457522392
15.45753217 15.474142103
15.474150764 15.491187843
15.491195945 15.507703072
15.507711732 15.524184217
15.524194275 15.541073234
15.541081057 15.557566952
15.557575333 15.574348413
15.574357352 15.590846041
15.590853305 15.607478882
15.607487822 15.624955962
15.624968813 15.641488791
15.641496893 15.657916017
15.657924677 15.675906293
15.675922217 15.691341775
15.691351553 15.707920976
15.707929916 15.724045373
15.724052077 15.740648041
15.74065726 15.757999687
15.758009185 15.774778915
15.774787017 15.791417063
15.791426282 15.808228976
15.808238754 15.824991722
15.824998985 15.841307204
15.841316423 15.85791043
15.857922443 15.875413493
15.87542355 15.891794066
15.891803006 15.908651236
15.908664925 15.925203341
15.92521675 15.941947088
15.94196385 15.958689161
15.95870732 15.974872502
15.974885353 15.991891145
15.991907628 16.008042361
16.008057726 16.025033906
16.025042846 16.041678199
16.041689095 16.058185885
16.058202647 16.0755068
16.075513785 16.091325012
16.091336186 16.108884227
16.108892329 16.124506605
16.124515544 16.140916511
16.140926288 16.15752784
16.157535383 16.17439842
16.174412667 16.190965051
16.190972594 16.207584481
16.207591465 16.224828572
16.224840585 16.241426493
16.241433477 16.258307408
16.258314951 16.274689379
16.274699716 16.291276402
16.291284225 16.308166539
16.308174081 16.324041182
16.324051798 16.340686314
16.340694136 16.357654114
16.357663612 16.374087765
16.374097823 16.390418613
16.390426994 16.406725992
16.406738005 16.433669641
16.433681653 16.450152461
16.450161121 16.466620755
16.466628298 16.483403336
16.483415907 16.500147083
16.500154625 16.516867644
16.516875187 16.531889944
16.531903075 16.548013502
16.548022162 16.564508057
16.5645156 16.579606903
16.579698534 16.596228848
16.596238626 16.613008076
16.613017295 16.629632255
16.629642033 16.643660295
16.643668956 16.660433377
16.660440081 16.674768159
16.67477682 16.691322499
16.691332556 16.707945839
16.707953661 16.722414997
16.722424775 16.738263381
16.738274277 16.755181731
16.75519542 16.771456705
16.771466204 16.787881976
16.787899018 16.802294422
16.802301965 16.816360177
16.816369955 16.833064815
16.833075431 16.8497566
16.849763864 16.866455092
16.866467384 16.882829239
16.882840693 16.900756657
16.90077286 16.913009891
16.913022183 16.929545514
16.929556688 16.946329209
16.946338708 16.962950596
16.962959536 16.979347093
16.979355754 17.017149943
17.017157207 17.033071519
17.033080458 17.049381414
17.049394824 17.062986215
17.062998228 17.083108046
17.083116986 17.099373801
17.099387211 17.11601977
17.116030106 17.129615353
17.129627087 17.14541848
17.14543189 17.162181503
17.162190723 17.178553976
17.178564312 17.195037356
17.195047414 17.208235681
17.20824462 17.22496127
17.224975518 17.24159886
17.241610035 17.258196779
17.258209071 17.274467843
17.274479576 17.29110152
17.291116885 17.313531746
17.313540406 17.329113055
17.329125067 17.346472524
17.3464918 17.362038749
17.362045733 17.377804718
17.377813378 17.391569596
17.391578536 17.416878958
17.416886221 17.437873527
17.437883584 17.454307738
17.454318075 17.469404628
17.469411613 17.485864263
17.485872924 17.50225154
17.50226048 17.518876279
17.518883264 17.532781678
17.532790618 17.546503253
17.546514149 17.562632399
17.562639942 17.579387322
17.579396541 17.596457647
17.596467425 17.624683861
17.624695594 17.641159698
17.641168358 17.654941618
17.654951116 17.671283079
17.671290342 17.689610828
17.689626194 17.704811364
17.704821421 17.721462083
17.721471302 17.73811867
17.738126492 17.754686975
17.754697032 17.771469835
17.77148073 17.7881362
17.788144301 17.804796136
17.804805914 17.816539529
17.816548469 17.833172091
17.833178795 17.849857451
17.84986695 17.866167066
17.866176844 17.882782587
17.882790409 17.899419895
17.899429952 17.913504927
17.913513866 17.929644408
17.929651113 17.946413298
17.946422238 17.963069606
17.963078546 17.979697416
17.97970468 17.991913215
17.991921596 18.008210818
18.008220317 18.024832761
18.024840584 18.04145806
18.041467279 18.058300144
18.058307408 18.074959525
18.074968744 18.091532021
18.091540402 18.10773883
18.107746932 18.124586224
18.124596281 18.141321031
18.141332206 18.157965325
18.157973427 18.174652084
18.17466242 18.191603119
18.191612338 18.208199922
18.208207465 18.224981105
18.224990324 18.241234568
18.241266137 18.257933059
18.257941161 18.274458902
18.274470356 18.291111578
18.291121635 18.307286817
18.307295477 18.324001791
18.324011569 18.339547621
18.339557399 18.354878621
18.354887561 18.366848857
18.366857796 18.383480021
18.383490078 18.400463743
18.400473242 18.418616609
18.418625828 18.432960611
18.43296983 18.449593451
18.44960267 18.465186774
18.465193758 18.481815983
18.481825202 18.498309699
18.498320315 18.514963212
18.514971593 18.531820102
18.531830159 18.548337566
18.548349858 18.564709757
18.564716741 18.579907779
18.579916719 18.596574982
18.596583642 18.613353092
18.61336259 18.632261639
18.632271696 18.649957465
18.649976183 18.666686965
18.666696463 18.682473887
18.682491208 18.698829318
18.698846079 18.715601562
18.715616089 18.730677779
18.730693703 18.746604384
18.746620029 18.764615054
18.764630698 18.780015612
18.780033492 18.791699221
18.79170844 18.808298259
18.808305522 18.824645867
18.824655366 18.84136168
18.841372296 18.857974684
18.857982506 18.87459216
18.874601938 18.890956808
18.890966027 18.907736874
18.907744138 18.924421956
18.924434528 18.941067927
18.94107966 18.957788207
18.957796588 18.975087055
18.975096553 18.991727438
18.991739172 19.012978462
19.012986005 19.029614098
19.029623875 19.041940243
19.041951138 19.058417478
19.058424742 19.074933823
19.074943601 19.091412453
19.091421393 19.108316837
19.10832438 19.125315644
19.125327098 19.150437274
19.150449008 19.166980716
19.166990214 19.2171424
19.217150501 19.233020674
19.233029614 19.249833426
19.24984488 19.266888667
19.266895931 19.283514801
19.283523741 19.300429801
19.30043874 19.316415351
19.31642457 19.333103785
19.333114122 19.350436157
19.350446214 19.367254215
19.367272653 19.38389404
19.383908567 19.399744938
19.399753878 19.416775313
19.416784532 19.441923481
19.441933259 19.45855269
19.458563027 19.475068477
19.475075462 19.491449609
19.491466092 19.508069039
19.508076862 19.521649537
19.521659036 19.53591783
19.535926491 19.550925603
19.550932308 19.566829581
19.566838241 19.580024833
19.580035728 19.592711641
19.592718625 19.608525383
19.608534602 19.633582477
19.633591417 19.650244931
19.650252753 19.666835586
19.666845364 19.683160567
19.683169506 19.699772734
19.699779998 19.713439555
19.713448774 19.727026198
19.727048548 19.743490301
19.743497565 19.760112805
19.760124538 19.776555118
19.776564896 19.793286296
19.793293001 19.833077944
19.833086605 19.851630022
19.851641755 19.866969123
19.866980857 19.883199399
19.883210015 19.899721609
19.899729152 19.916386857
19.916396914 19.933136191
19.933145131 19.946763343
19.946769768 19.960348589
19.96035697 19.975720375
19.975728197 19.991947018
19.991953164 20.008605002
20.008613104 20.025442337
20.025454349 20.049896282
20.049905222 20.060650442
20.060658823 20.075434446
20.075442547 20.091841557
20.091847982 20.116572075
20.116581015 20.125265639
20.125275696 20.14146211
20.141468536 20.158356437
20.158365098 20.175166115
20.17517282 20.191721292
20.191729673 20.208197966
20.208207744 20.23814898
20.238155405 20.261286278
20.261295218 20.274987181
20.27499612 20.291469723
20.291476707 20.308252024
20.308261522 20.325017841
20.325026222 20.341512397
20.341519102 20.358268436
20.358277096 20.375052972
20.375062471 20.391974675
20.39198166 20.407451782
20.407460722 20.423503264
20.423511645 20.455603992
20.455610417 20.478420578
20.478430356 20.486733646
20.486743424 20.499921077
20.499927781 20.516692202
20.516700863 20.533770909
20.533777335 20.549895306
20.549904246 20.565291395
20.565299776 20.581741532
20.581747957 20.598364594
20.598373254 20.615029561
20.615039059 20.63150903
20.631515456 20.648578238
20.648586619 20.65869377
20.65870243 20.675322699
20.675333874 20.691567501
20.691579793 20.708351199
20.70836405 20.724972584
20.724982921 20.741595647
20.741607101 20.758211166
20.758223459 20.773534344
20.773541049 20.789384122
20.789392503 20.80412622
20.804134321 20.817108038
20.817115022 20.833737247
20.833743952 20.850334048
20.850342429 20.867056565
20.867065505 20.883409201
20.883420375 20.900095959
20.900110207 20.91666706
20.916679911 20.933479252
20.933486515 20.948663584
20.948672244 20.963678621
20.963686443 20.979664731
20.979671994 20.996276899
20.996285838 21.0129441
21.01295276 21.025452394
21.02545882 21.042067077
21.042075458 21.058866417
21.058875077 21.075547309
21.07555569 21.09255757
21.092569024 21.106926157
21.106937611 21.12143275
21.121442807 21.137887633
21.137896573 21.155074734
21.155083395 21.171446647
21.171456984 21.187770789
21.187777214 21.200524086
21.200533305 21.215287694
21.215296634 21.230341842
21.230352737 21.246001096
21.246009756 21.25888262
21.258888766 21.273634216
21.273643156 21.28867719
21.288685571 21.30708707
21.307096848 21.323701194
21.323709295 21.33888832
21.338895304 21.350499571
21.35050879 21.366704984
21.366713923 21.383595957
21.383605176 21.400131019
21.400138283 21.416679492
21.416686755 21.433524092
21.433533311 21.450075914
21.450084295 21.466748704
21.466757365 21.483969328
21.483976871 21.498771768
21.49877987 21.514279047
21.514287987 21.530959099
21.530967759 21.542139012
21.542147672 21.558893098
21.558902037 21.575636844
21.575644666 21.59185846
21.591868238 21.608488228
21.608496888 21.623839897
21.623849396 21.639644421
21.639651405 21.652592715
21.652600537 21.667214964
21.667223624 21.683384338
21.683391322 21.698769814
21.698776798 21.715543173
21.71555351 21.731510008
21.731518109 21.748244536
21.74826074 21.764979065
21.764986608 21.781591512
21.781598217 21.798334144
21.798342804 21.815055262
21.81506504 21.832181182
21.832190401 21.842158149
21.842165133 21.85895777
21.85904549 21.875179943
21.875188603 21.89073192
21.890741139 21.906923362
21.906932302 21.918199936
21.918207479 21.934406186
21.93441345 21.953126161
21.953133704 21.967193314
21.967201415 21.984218103
21.984227601 22.000661813
22.000670752 22.017498591
22.017510045 22.034428394
22.034436216 22.051187229
22.051194493 22.067818393
22.067831523 22.08402548
22.084036934 22.109178956
22.109188455 22.126098426
22.126109321 22.142009946
22.142018048 22.159205985
22.159216042 22.175791613
22.175804184 22.192733989
22.192743208 22.209334703
22.209341966 22.225890439
22.225897423 22.242393094
22.242400916 22.258973973
22.258980957 22.275617987
22.275626927 22.292244681
22.292252783 22.309154652
22.30916443 22.325798945
22.325807047 22.350665795
22.350672779 22.367209795
22.367217896 22.383794027
22.383809392 22.417921828
22.417931047 22.434527291
22.434538186 22.45080785
22.450815952 22.46758205
22.46759099 22.517094488
22.517109853 22.534065359
22.534075137 22.550718594
22.550726416 22.585516592
22.585524135 22.608013586
22.608020849 22.625675606
22.625683708 22.642205362
22.642214301 22.658765007
22.658773947 22.675578597
22.675585581 22.692465939
22.692472924 22.708950156
22.708958537 22.725578807
22.725587188 22.742591862
22.742601081 22.759161008
22.75916883 22.775755017
22.775761442 22.792428364
22.792437862 22.808760328
22.808768709 22.82598207
22.82599073 22.842561831
22.842568536 22.866624386
22.866631649 22.875966076
22.875972501 22.89277799
22.892787209 22.908518537
22.908527198 22.923870489
22.92388306 22.934389145
22.934396688 22.950753514
22.950761057 22.967369033
22.96737909 22.984331246
22.984341582 23.001043985
23.001053204 23.017584913
23.01759497 23.034064383
23.034072484 23.051136105
23.051144765 23.067594341
23.067603281 23.084134433
23.084144211 23.100749114
23.100756098 23.117434755
23.117443136 23.13457185
23.1345847 23.157778709
23.157791001 23.174061785
23.174074356 23.188203245
23.188211906 23.201862245
23.201873699 23.217464508
23.217471771 23.232355505
23.23236221 23.246260904
23.246269285 23.260312411
23.260320513 23.275949593
23.275957974 23.290596986
23.290604529 23.308670513
23.30868057 23.325997854
23.326009867 23.342362505
23.342372003 23.357565273
23.357577286 23.37101419
23.371024806 23.385642586
23.385649571 23.40075065
23.400758472 23.417225091
23.417234031 23.433731659
23.433740598 23.44902578
23.449034719 23.462008158
23.462014862 23.475792591
23.475799296 23.490571563
23.490579944 23.503498626
23.503507007 23.519124075
23.519132456 23.535874528
23.535881233 23.550962201
23.550968905 23.567369592
23.567377694 23.602872986
23.602884161 23.61108688
23.611096378 23.627771962
23.627778667 23.644568511
23.644576054 23.661240461
23.66126756 23.677830001
23.677838941 23.694384059
23.69439244 23.711312189
23.711321128 23.72804169
23.728048674 23.744159938
23.744167201 23.759101223
23.759110163 23.774014851
23.77402435 23.786409722
23.786417824 23.802288835
23.80229554 23.816955504
23.816962767 23.832395176
23.832403557 23.848918504
23.848927165 23.865573975
23.865582914 23.882420527
23.882428069 23.89508778
23.895095602 23.909140684
23.909150182 23.925698096
23.925706756 23.942037323
23.942046821 23.958786938
23.958793922 23.975418939
23.975425643 23.990735412
23.990743793 24.003671414
24.003680074 24.017472608
24.017482665 24.034315811
24.034325589 24.050911775
24.050919876 24.067515561
24.067526456 24.0839995
24.08400844 24.100659438
24.100667819 24.117561307
24.11756885 24.134458985
24.134466528 24.151064728
24.151073388 24.16724276
24.167251141 24.184177874
24.184187652 24.200949839
24.20095822 24.217594412
24.217603073 24.234065221
24.23407444 24.250822936
24.250831876 24.267242901
24.267251282 24.283961784
24.283969048 24.30049573
24.300502156 24.317198412
24.317206514 24.333841309
24.333851645 24.35157848
24.351591331 24.366946074
24.366953617 24.383470242
24.383492033 24.418025751
24.418041675 24.434300446
24.434314415 24.449788726
24.449797945 24.466431066
24.466443917 24.483033177
24.483046586 24.500519756
24.500534003 24.517307365
24.517320495 24.533922883
24.533933219 24.549445248
24.549455026 24.566217492
24.566230063 24.582802838
24.582816806 24.600796466
24.60080373 24.616267986
24.61627525 24.632596318
24.632609169 24.649500144
24.649509363 24.665796068
24.665810595 24.681540808
24.681547792 24.731727912
24.731735455 24.748411039
24.748420258 24.765177972
24.765186632 24.781798801
24.78180774 24.798359845
24.79836627 24.815481572
24.815488556 24.831976128
24.831984788 24.848667635
24.848677134 24.8668909
24.866898164 24.882038356
24.882045061 24.898271426
24.898280645 24.914632162
24.914640543 24.932387493
24.932396153 24.949568169
24.949576271 24.965577464
24.965585007 24.980964337
24.980972718 24.992445406
24.992453786 25.009205356
25.009213458 25.026046884
25.026054985 25.042683633
25.042692014 25.057615979
25.057625757 25.074218926
25.074227866 25.090853164
25.090862103 25.105511452
25.105518157 25.12217558
25.122184799 25.132624673
25.132633613 25.149431001
25.149441337 25.166171954
25.166180894 25.182692769
25.182704503 25.199313038
25.199321978 25.21604589
25.216054551 25.23253402
25.232541842 25.249176078
25.249185017 25.263229821
25.263237643 25.276640464
25.276647169 25.309090398
25.309098499 25.324834577
25.324842958 25.341484459
25.341491723 25.358276538
25.358283522 25.375598291
25.375606951 25.392498205
25.392512732 25.408992759
25.409001978 25.425066869
25.425074412 25.441798885
25.441806149 25.458449603
25.458457705 25.475116527
25.475125467 25.491870612
25.491879831 25.50892669
25.508933953 25.525929967
25.525942259 25.541965805
25.541975304 25.558643065
25.55865005 25.583970864
25.58397729 25.600551743
25.600560124 25.617425954
25.617434615 25.633947329
25.633955989 25.650751977
25.650760917 25.667321123
25.667328665 25.684104821
25.684115716 25.707706423
25.707715642 25.719787288
25.719797066 25.734179619
25.734186324 25.750826708
25.75083453 25.767540006
25.767548387 25.784378178
25.784385442 25.801030016
25.801037 25.817600836
25.817610614 25.83447449
25.834483988 25.850996144
25.851004804 25.901280188
25.901286893 25.917980634
25.917987897 25.934762377
25.934772434 25.951176472
25.951185412 25.968116615
25.96812779 25.984771803
25.984778508 26.001413863
26.001420568 26.018476926
26.018485866 26.036030275
26.036042008 26.051993196
26.05200018 26.067825935
26.06783711 26.08504209
26.085052147 26.101499489
26.101508708 26.117977003
26.117984546 26.134622413
26.134631912 26.151128143
26.151137921 26.167743382
26.167752322 26.184393264
26.1844036 26.201326423
26.201335642 26.218045586
26.218057319 26.234623392
26.234634567 26.251167952
26.251174936 26.268253923
26.268263421 26.284670255
26.284679754 26.300723412
26.300732072 26.317350666
26.317360165 26.334156432
26.334163696 26.350578352
26.350585057 26.367219015
26.367226838 26.383848502
26.383857442 26.400501736
26.400510117 26.417435453
26.417443275 26.43390235
26.433909334 26.45173702
26.45174568 26.472096031
26.472103574 26.484670534
26.484677518 26.500976238
26.500984619 26.516625154
26.516633255 26.53408743
26.534096928 26.549685222
26.549691648 26.566309961
26.566316945 26.582948667
26.582958165 26.59951893
26.599528428 26.616299555
26.616308494 26.627953549
26.627960253 26.642837284
26.642843989 26.657735827
26.657744767 26.674270609
26.674278151 26.690716554
26.690723259 26.70317568
26.703184899 26.717742055
26.717750995 26.734503125
26.734512065 26.75123011
26.751238771 26.767943687
26.767950671 26.782779931
26.78278887 26.798689216
26.798697318 26.811821609
26.81182999 26.826148851
26.826155835 26.84238667
26.842393654 26.857713476
26.857722137 26.873493416
26.873500679 26.88998322
26.889990763 26.903577685
26.903586066 26.9178281
26.917838716 26.932779721
26.932789779 26.951452484
26.951463099 26.967849261
26.967857084 26.997526496
26.997535157 27.020874995
27.020884773 27.034718935
27.034728713 27.049728383
27.049736205 27.066330773
27.066338316 27.079051944
27.079060325 27.092772401
27.092779385 27.109231477
27.109240137 27.125920191
27.12592913 27.1412727
27.141282198 27.157896601
27.157905262 27.174647052
27.174653478 27.188803322
27.188809747 27.20450448
27.204516213 27.221066919
27.221075299 27.238616637
27.238719164 27.25450413
27.254512511 27.268064513
27.268071497 27.284637011
27.284644833 27.30519884
27.305205824 27.321465435
27.321474095 27.334790591
27.334799531 27.354845095
27.354853756 27.367577161
27.367584145 27.384208883
27.384215867 27.399548822
27.399557761 27.416180824
27.416189205 27.432740191
27.432748572 27.446115355
27.446124295 27.459585502
27.459592765 27.474457225
27.474464489 27.491134484
27.491141748 27.5051642
27.50517286 27.520696621
27.520704444 27.537168267
27.537176927 27.551330403
27.551336828 27.576165123
27.576172666 27.588633189
27.588641569 27.605452646
27.605466334 27.618008989
27.618017649 27.634230324
27.634237309 27.650807572
27.650814556 27.667578137
27.667587357 27.682981493
27.682990433 27.699577458
27.699584721 27.716232645
27.716241585 27.730702642
27.730713258 27.744827062
27.74483684 27.75959542
27.759603242 27.774483625
27.774490888 27.789096096
27.789105594 27.802829686
27.802838625 27.834351569
27.834361068 27.842867177
27.842876396 27.859186009
27.859192993 27.875894
27.875900984 27.891182536
27.89118952 27.902575881
27.902584542 27.917920291
27.917928672 27.934855125
27.93486602 27.952618835
27.952628054 27.967652869
27.967659854 27.982910672
27.982919053 27.997944987
27.997953368 28.010271693
28.010280074 28.026266743
28.026273448 28.043054629
28.043061893 28.066840894
28.066853745 28.07682708
28.076833784 28.092902585
28.092910966 28.128161535
28.128170755 28.141589221
28.14159844 28.159385616
28.159392601 28.176161491
28.176168196 28.193498054
28.193508669 28.210055743
28.2100658 28.226660368
28.226670146 28.24313844
28.243147938 28.260018518
28.260026061 28.281049124
28.281055829 28.293780909
28.293792084 28.30938429
28.309404404 28.326010425
28.326030819 28.342518668
28.342533754 28.359477528
28.359488703 28.37570892
28.375715345 28.392644871
28.39265437 28.410069433
28.410078372 28.426770717
28.426779657 28.443406631
28.443413336 28.463573718
28.46358126 28.476083968
28.476091511 28.493144516
28.493154294 28.509770931
28.509780429 28.526258781
28.526272191 28.542780433
28.542804738 28.559521667
28.559528651 28.576060083
28.576074051 28.592686218
28.592695157 28.608996949
28.609010359 28.625866972
28.625874235 28.642248382
28.642259836 28.659043534
28.659060017 28.675704591
28.675713251 28.693482548
28.693491767 28.710037446
28.710046386 28.726080824
28.726094513 28.743462922
28.743469907 28.758851471
28.758864043 28.776340005
28.776353694 28.793406701
28.793420949 28.816438119
28.816450969 28.825014627
28.825021891 28.841701108
28.841710327 28.858476701
28.858485361 28.874610875
28.874618977 28.891265507
28.891273888 28.908075184
28.908083844 28.924644329
28.924651034 28.940930478
28.940937462 28.951457792
28.951466453 28.968218303
28.968226963 29.000447259
29.000455919 29.017130386
29.017137091 29.041075886
29.041087899 29.050494682
29.050505298 29.067785148
29.067794088 29.084408209
29.084417149 29.101458981
29.1014682 29.117347872
29.117354856 29.134083798
29.134090503 29.150837602
29.150846263 29.167752602
29.167760983 29.184814546
29.184822648 29.201641546
29.201650765 29.22661958
29.226626285 29.24289623
29.242902935 29.260033884
29.260043662 29.276825402
29.276835459 29.293589825
29.293599323 29.309898321
29.309919553 29.32634678
29.326358514 29.342861729
29.342873463 29.359705209
29.359713869 29.376503155
29.376511536 29.393207792
29.393216452 29.409541432
29.409549255 29.426091861
29.426099962 29.442917182
29.442925842 29.459485769
29.45949415 29.476662812
29.476671473 29.493376949
29.493383374 29.51039587
29.510408441 29.526180558
29.526194247 29.543243622
29.543253399 29.568380053
29.568394022 29.592195094
29.592202078 29.601465545
29.601472529 29.61781958
29.61782824 29.634449066
29.634457726 29.651117107
29.651126326 29.668169554
29.668176538 29.684762445
29.684769429 29.736389677
29.736399175 29.752319355
29.752331089 29.767990621
29.768002075 29.783114889
29.783121594 29.794100643
29.794107628 29.810870651
29.810877356 29.826559797
29.826568178 29.841428166
29.841436547 29.852547736
29.852556675 29.868039091
29.868045795 29.885100755
29.885107739 29.90194368
29.90195234 29.919847072
29.919855732 29.934784724
29.934792547 29.949798086
29.94980479 29.962593845
29.962606696 29.977923168
29.977935461 29.994547906
29.994561595 30.011762665
