0.062519957 0.131325349
0.131338758 0.162966801
0.162982167 0.225641247
0.225658008 0.258837646
0.258853011 0.283768746
0.283814282 0.321092206
0.321103101 0.367568504
0.367576046 0.432346849
0.432365287 0.461625988
0.461636604 0.511723976
0.511755824 0.548266887
0.548284208 0.604679365
0.60469948 0.65380181
0.653810749 0.680516936
0.680527552 0.716449995
0.716464801 0.762448857
0.762462825 0.800201421
0.800224609 0.850467307
0.850517872 0.885742741
0.885805877 0.922275876
0.922292917 0.97158717
0.971605329 1.007726121
1.007743721 1.056360514
1.05637979 1.093341471
1.093357116 1.128791509
1.128814696 1.174021837
1.174037202 1.23907424
1.239089046 1.275636708
1.275650956 1.314514274
1.314532154 1.348632857
1.348650736 1.39882471
1.398930869 1.454248794
1.454266115 1.49912908
1.499152826 1.531373122
1.531390722 1.572439794
1.572457394 1.618343671
1.618362947 1.655707638
1.655725238 1.703010018
1.703019516 1.746357428
1.746373631 1.77908589
1.779098461 1.828722365
1.828741083 1.872700859
1.872717621 1.912300584
1.912318463 1.947178203
1.947196641 1.986458054
1.986471743 2.034265248
2.034284803 2.081670156
2.081688595 2.120551913
2.120559456 2.163642864
2.163661302 2.217994745
2.218013462 2.282097026
2.282114346 2.318060535
2.318077017 2.35394638
2.353960068 2.395042108
2.395060825 2.432906695
2.432925412 2.496427059
2.496442704 2.540088195
2.540105236 2.584794714
2.584810079 2.621261361
2.621281196 2.674825153
2.674841635 2.72887001
2.728879229 2.775079234
2.775123374 2.813000534
2.813020648 2.847149009
2.847165212 2.927419545
2.92743491 2.960043245
2.960060845 2.995039871
2.995056074 3.033513196
3.03352465 3.095281105
3.095298705 3.133190949
3.133271127 3.170981785
3.170999106 3.203663594
3.203679518 3.237240487
3.237258925 3.291250145
3.291265789 3.325868231
3.325932205 3.373612288
3.373631005 3.421549107
3.421567545 3.460726991
3.46074487 3.522988536
3.523097768 3.559539271
3.559599893 3.598822756
3.598840356 3.646400869
3.646424056 3.697371034
3.697380532 3.74349114
3.743509578 3.793497217
3.793513979 3.831242796
3.831262911 3.882683412
3.88270185 3.919896244
3.919912726 3.957785417
3.957804693 3.996798475
3.996815796 4.034786264
4.034859178 4.097558208
4.097574411 4.145921059
4.145938659 4.182698079
4.1827154 4.213898693
4.21391797 4.249338393
4.24936186 4.310085778
4.310101144 4.346059065
4.346068005 4.37593465
4.375954485 4.419515049
4.419535443 4.458303498
4.45832026 4.508844837
4.508863834 4.547065059
4.547083217 4.576402867
4.576497292 4.605411302
4.605430578 4.631445895
4.631512663 4.681919907
4.681928288 4.726390923
4.726409361 4.762678217
4.762694141 4.798085231
4.798103669 4.828429869
4.828448307 4.879731082
4.879738905 4.917912471
4.917930909 4.950150646
4.950159586 4.982019222
4.982039895 5.014187555
5.014209346 5.059478788
5.059499181 5.091875085
5.091882907 5.123390822
5.123410378 5.157041746
5.157060184 5.187205356
5.187228543 5.220512663
5.220580269 5.279615704
5.27963079 5.317694567
5.317703786 5.355242635
5.355251854 5.394329725
5.394338944 5.432239571
5.432261082 5.483695553
5.483716505 5.524834021
5.524842122 5.555240401
5.555256883 5.58601107
5.586032302 5.625509665
5.625581461 5.684281101
5.68429926 5.715799353
5.715885118 5.741623306
5.741634202 5.774840098
5.774855743 5.812565283
5.812582325 5.873098954
5.873107893 5.910074883
5.910174337 5.94749612
5.947506736 5.986080353
5.98609935 6.02601392
6.026028726 6.077853749
6.077873304 6.11608682
6.116096598 6.157273898
6.157294013 6.192136989
6.192147046 6.235219839
6.235239674 6.281620149
6.281634397 6.313325017
6.313347645 6.348393997
6.348402937 6.378898993
6.37891771 6.418277461
6.418297016 6.483429597
6.483450829 6.525044383
6.525059469 6.562946407
6.562964565 6.598170158
6.598178259 6.650106367
6.650125923 6.689438461
6.689458017 6.722760853
6.722776218 6.755757224
6.755774824 6.794800177
6.794810793 6.847987942
6.848004983 6.886522447
6.886533343 6.925845322
6.925860407 6.967010053
6.9670243 6.9935489
6.993558398 7.04995579
7.049965288 7.088459846
7.088468506 7.126928143
7.126937641 7.169478802
7.169495284 7.208994438
7.20902433 7.262355131
7.262374966 7.303494438
7.30351539 7.337477806
7.337495126 7.371383793
7.371403348 7.406474006
7.40648965 7.452898341
7.452917337 7.494289077
7.494308074 7.53704032
7.537055126 7.566000425
7.566021936 7.595955631
7.595971275 7.654808083
7.654818698 7.688421571
7.688440847 7.72866244
7.72867138 7.771058332
7.771065596 7.814843785
7.814866972 7.884076606
7.884100072 7.914781906
7.914791125 7.951643574
7.951651117 7.988400759
7.988414448 8.022170134
8.022179074 8.069120795
8.069148173 8.116741372
8.116761487 8.14974389
8.149762049 8.19144109
8.191459807 8.232192358
8.232210796 8.299686412
8.299702056 8.34039801
8.340413654 8.381601849
8.38161023 8.421169448
8.421242642 8.461673758
8.461693873 8.516024801
8.516044357 8.557769492
8.557787372 8.599318349
8.59933539 8.640230252
8.640249249 8.682337279
8.682351247 8.749173427
8.749236005 8.794052315
8.794119083 8.831480257
8.831488079 8.872412555
8.872426244 8.929950872
8.929963723 8.970784554
8.970799919 9.013494451
9.013508978 9.05544224
9.05545984 9.104771973
9.10479097 9.154903206
9.154913542 9.192231693
9.192242308 9.244358149
9.244376308 9.293814156
9.293841255 9.35622516
9.356232424 9.396604594
9.396622474 9.437826314
9.437843914 9.476964808
9.476983805 9.532501755
9.532577184 9.574627778
9.574722204 9.616725867
9.616739835 9.65877339
9.658793784 9.695613828
9.695631707 9.745355903
9.745376576 9.788570055
9.78858961 9.8314607
9.83147858 9.868338851
9.86835701 9.90327346
9.903291898 9.96186219
9.961881467 10.005707707
10.00572866 10.044540855
10.04455622 10.082382256
10.082400415 10.126405449
10.126422491 10.17155644
10.171564821 10.211947886
10.211965765 10.250517871
10.250536309 10.296292683
10.296310563 10.356169009
10.356189962 10.403949662
10.403965865 10.449913604
10.449923102 10.499616849
10.499632214 10.559365783
10.55938506 10.598120988
10.598137191 10.641652778
10.641672892 10.683287957
10.683303881 10.743738098
10.743758771 10.793801444
10.793817648 10.835365947
10.835382708 10.876781265
10.876834344 10.90911666
10.90913454 10.960719029
10.960740261 10.9994273
10.999445459 11.038912485
11.038930085 11.074413646
11.074431805 11.130896524
11.130907419 11.185875298
11.185894016 11.227636193
11.22765519 11.268974966
11.26898223 11.309489613
11.309508331 11.370908871
11.370926191 11.423222223
11.423238985 11.466048895
11.466058952 11.50521337
11.505228735 11.552548715
11.552561845 11.603045916
11.603064912 11.647466924
11.647483965 11.685917902
11.68593606 11.73030818
11.730326059 11.79774217
11.797756976 11.839626543
11.839638835 11.879685545
11.879700631 11.930196155
11.930244206 11.970269683
11.970291474 12.010278399
12.010286221 12.054097655
12.054116931 12.087157445
12.087176162 12.129421195
12.129440472 12.186170587
12.186180923 12.230788827
12.230803913 12.267609989
12.267630662 12.304996583
12.305019771 12.340915674
12.340973781 12.402332137
12.402350016 12.444959064
12.44499594 12.496758385
12.496774029 12.547732183
12.547744196 12.598271006
12.598282181 12.647669184
12.647689019 12.685679322
12.685697481 12.726096471
12.726113791 12.763378584
12.763395626 12.811547835
12.811565994 12.857644196
12.857653695 12.896002144
12.896061928 12.929087633
12.9291111 12.97195202
12.97197381 13.032197387
13.032208282 13.074213062
13.074269214 13.110602323
13.110622716 13.156210913
13.156227116 13.197098232
13.197115273 13.247431725
13.247448208 13.294568721
13.294577382 13.340726822
13.340746657 13.38286486
13.382938891 13.418804902
13.418825855 13.473554038
13.473574432 13.513824241
13.513845193 13.555003777
13.555022215 13.594895999
13.594981205 13.652178698
13.652189034 13.691378652
13.691386474 13.729655583
13.729674301 13.771530458
13.771538839 13.81403586
13.814052063 13.876776795
13.876795792 13.913862514
13.913880673 13.959620565
13.959628946 14.000696456
14.000714894 14.043138163
14.043156322 14.101451998
14.101467363 14.14153279
14.141551507 14.179426993
14.179446828 14.225374452
14.225392332 14.289043158
14.28905992 14.338091571
14.33810079 14.39338966
14.393405584 14.437952865
14.437971303 14.487112467
14.48713314 14.545225439
14.545241921 14.593329038
14.593346917 14.634000687
14.634023036 14.674696084
14.674704744 14.738582415
14.738600294 14.781942955
14.781953571 14.82165694
14.821670071 14.875326611
14.875341138 14.910373803
14.910385257 14.977823715
14.977839918 15.028539658
15.028557258 15.068307003
15.06832153 15.120449665
15.12046922 15.162495511
15.162517301 15.208813408
15.208821789 15.249754365
15.249772245 15.292395819
15.292413419 15.332243622
15.332260942 15.384427069
15.384445228 15.423779835
15.423800229 15.467982101
15.467994672 15.513477547
15.513562195 15.557190087
15.557209922 15.609904049
15.609931148 15.658049554
15.658072462 15.70376989
15.703798944 15.751410303
15.751418125 15.807214043
15.807231923 15.854480664
15.85450441 15.902077775
15.902095654 15.947524055
15.947541655 15.986559462
15.986580414 16.041957286
16.0419774 16.083118103
16.083140173 16.127040446
16.127058605 16.166097085
16.166117758 16.20852706
16.208553879 16.281577963
16.281604223 16.314737766
16.314746147 16.354628309
16.354671891 16.40034669
16.400365408 16.471126076
16.471134736 16.523949271
16.523960725 16.564473695
16.564484869 16.604977165
16.604993369 16.646594187
16.646612905 16.698699973
16.698717573 16.74410267
16.744110772 16.778493354
16.778506204 16.814392609
16.814418031 16.847013514
16.847088384 16.905639681
16.906048392 16.954109527
16.954286645 16.997897775
16.997910905 17.036839038
17.03685552 17.08018002
17.080198179 17.141930886
17.141950162 17.182223437
17.182242434 17.221189283
17.221202972 17.259377935
17.259393859 17.299419896
17.29943582 17.348468588
17.348486188 17.39487309
17.394901864 17.438404879
17.438423875 17.485537126
17.48555305 17.539703508
17.539718035 17.581197328
17.581218839 17.633675226
17.633693944 17.673077441
17.673093085 17.71132532
17.711340406 17.759209898
17.759226659 17.809252291
17.809268494 17.855939788
17.855957388 17.892367044
17.892380453 17.929205245
17.929213068 17.971949505
17.972027727 18.005344253
18.005360456 18.064687827
18.06470403 18.10585954
18.105918207 18.148950772
18.148965858 18.187052541
18.187072656 18.218907709
18.218923912 18.274568972
18.274591042 18.313646843
18.313664443 18.353085376
18.353101858 18.397829051
18.397846371 18.44675119
18.446767672 18.497594803
18.497610168 18.550455432
18.550471635 18.587730001
18.587737823 18.624569601
18.624589995 18.663736032
18.663754749 18.695917775
18.695970575 18.76317744
18.763190011 18.810754158
18.810763656 18.85635269
18.856421973 18.905320646
18.905338525 18.957426989
18.957438164 19.009287211
19.009304532 19.046942557
19.046953452 19.084938447
19.084956885 19.127202478
19.127218961 19.179754967
19.179770611 19.235107533
19.235198047 19.280575322
19.280589011 19.322555517
19.322671733 19.368122761
19.368141757 19.423505218
19.423532596 19.467931257
19.467947739 19.506195897
19.506203998 19.545545869
19.545563749 19.587050027
19.587102827 19.637161703
19.637179303 19.684718585
19.684737024 19.732953488
19.732968853 19.791144123
19.791162561 19.836919773
19.836940725 19.902875643
19.902894081 19.933130884
19.933146528 19.97011659
19.970131955 20.003502956
20.003518041 20.039584359
20.039601121 20.094885241
20.094903958 20.143098351
20.143114554 20.175844413
20.175864807 20.215552252
20.215572087 20.254983522
20.255002518 20.3074265
20.307448849 20.34795679
20.347970479 20.38632256
20.386334293 20.434056281
20.434075836 20.475204248
20.475221289 20.52981929
20.529829627 20.571122584
20.571142978 20.613915173
20.613935567 20.648383521
20.648402518 20.688885037
20.688900681 20.746838771
20.746854695 20.791316771
20.791336327 20.827153448
20.827173004 20.867230888
20.867244857 20.906956049
20.907050195 20.970265492
20.970274432 21.014194539
21.014212698 21.05377415
21.053792309 21.095260149
21.095279983 21.160404182
21.160423459 21.202542498
21.202560936 21.253248664
21.253268779 21.292576288
21.292595565 21.325317041
21.325337714 21.39070608
21.390724797 21.42419553
21.424211454 21.454841325
21.45485222 21.501929153
21.501946753 21.534883342
21.534929437 21.564716184
21.564731828 21.617772927
21.617788292 21.650210569
21.65021867 21.688105328
21.688119576 21.716480444
21.716499161 21.760650024
21.760668183 21.820702349
21.820719949 21.856226976
21.856244297 21.900331185
21.90035102 21.944363876
21.944382314 21.986011906
21.986030344 22.043976256
22.043993018 22.090819081
22.09084143 22.128703785
22.128711887 22.163425516
22.16346351 22.219578185
22.219587404 22.27618007
22.276195435 22.312755947
22.312772709 22.352997934
22.353015814 22.39115893
22.391235476 22.444470454
22.444489172 22.493804657
22.493821419 22.537324993
22.537346504 22.585860211
22.585877531 22.631450922
22.631469919 22.703024543
22.703042701 22.752073235
22.75209335 22.78525343
22.78527103 22.821758627
22.821767567 22.884003411
22.884022128 22.937608827
22.937624471 22.987293075
22.987313189 23.033248636
23.033267074 23.10248956
23.102509953 23.151527077
23.151549706 23.199242359
23.199261636 23.239251075
23.239269234 23.276432616
23.276451892 23.33347562
23.3334935 23.387080758
23.387099196 23.442804879
23.442812143 23.487540732
23.487555538 23.526009308
23.526062108 23.58449244
23.584500541 23.620993446
23.621014119 23.660559928
23.660580601 23.69884552
23.698866752 23.770555472
23.770572513 23.815755071
23.815773789 23.853367952
23.853375774 23.887737964
23.887750535 23.922236203
23.922253244 23.974267956
23.974284718 24.024334095
24.024350578 24.063957287
24.063976005 24.12525167
24.125309498 24.169981655
24.17005457 24.23549501
24.23558748 24.284797086
24.284816362 24.327794171
24.327813447 24.370911384
24.370920882 24.431197538
24.43120564 24.475526356
24.47553781 24.515087808
24.515105129 24.556354504
24.556362606 24.601641826
24.601651324 24.66047556
24.66049316 24.706932302
24.706947388 24.751392982
24.751406391 24.793123425
24.79313851 24.843039267
24.843057425 24.894617329
24.894663984 24.94471867
24.944736829 24.982807031
24.98282491 25.035234084
25.035260344 25.102496823
25.102514423 25.149419266
25.149434632 25.197678472
25.197695793 25.244012853
25.244028218 25.300463044
25.300483438 25.352806849
25.352820817 25.399278677
25.399295997 25.44304206
25.443056307 25.502110739
25.502129457 25.544217208
25.544233132 25.588075296
25.588094014 25.63976399
25.639791647 25.683554192
25.683571792 25.727199683
25.727215327 25.785756287
25.785771652 25.824631618
25.824649218 25.867297098
25.867312743 25.924151809
25.92418198 25.990122484
25.990138408 26.03990926
26.039926301 26.086188046
26.086200059 26.140338503
26.140354148 26.199925128
26.199933508 26.253677209
26.253694809 26.300300453
26.300318333 26.342057715
26.342065817 26.382748921
26.382759537 26.443332879
26.443345171 26.487946091
26.487961456 26.533611392
26.533627036 26.586465315
26.586924592 26.63562352
26.635641399 26.694173139
26.694189622 26.734318185
26.73433774 26.773429021
26.773448297 26.818848203
26.818865803 26.867761403
26.867770901 26.928614108
26.928627517 26.97384779
26.973855891 27.032197665
27.032205766 27.087170852
27.0871851 27.152876968
27.152894289 27.208944708
27.208955604 27.249072434
27.249097856 27.292754522
27.292762903 27.356042175
27.356058378 27.399396009
27.399406345 27.446093844
27.4461134 27.486763538
27.486860198 27.522773421
27.522784875 27.577591002
27.577606088 27.620059529
27.620076291 27.662549008
27.662566049 27.701087425
27.7010986 27.751051039
27.751067521 27.821462221
27.821475352 27.870096893
27.870113375 27.91337055
27.913397927 27.947815432
27.947928016 28.004567617
28.004582702 28.050444955
28.050460041 28.087978776
28.087988274 28.126175808
28.126192012 28.167861555
28.167880831 28.225107657
28.225123302 28.29118449
28.291203208 28.367262876
28.367282432 28.412031135
28.412062703 28.486158432
28.486177149 28.529360851
28.529385994 28.56922262
28.569244131 28.618841776
28.618865801 28.666124601
28.666141921 28.731379823
28.731395468 28.772697644
28.772781733 28.806689395
28.806710626 28.854745782
28.85476422 28.927972686
28.927999785 28.976267091
28.97627603 29.015228468
29.015255008 29.053353145
29.053369907 29.097883666
29.097904898 29.153595775
29.153617845 29.20095766
29.200983921 29.241214731
29.241222274 29.279313429
29.27933466 29.322128646
29.322139262 29.372057059
29.372086672 29.415244393
29.415264228 29.444517386
29.444645335 29.488362064
29.488390559 29.536556459
29.536575735 29.601064377
29.601093431 29.643597715
29.643627328 29.69137781
29.691397366 29.740005778
29.740025054 29.787456223
29.787484159 29.859054988
29.859082925 29.908017914
29.908027134 29.950623608
29.950668586 29.990255462
29.990285633 30.041553601
30.041568408 30.084761328
