0.077367376 0.135090355
0.135212437 0.187280786
0.187329117 0.246245263
0.246260349 0.304360471
0.304369411 0.351806446
0.351816782 0.408301336
0.408316421 0.464521609
0.464540047 0.529351915
0.529364207 0.580817116
0.580823542 0.630207193
0.630214177 0.687271149
0.687284 0.740039308
0.740065847 0.793915149
0.793924927 0.848525722
0.848534941 0.905950617
0.905966262 0.967101685
0.967127387 1.029067103
1.02907716 1.085862031
1.085870133 1.141709911
1.14171941 1.191194971
1.19120838 1.245178648
1.245189543 1.300718108
1.300726768 1.357249037
1.357276414 1.407210694
1.407224662 1.462411006
1.462423298 1.515492054
1.515507419 1.567127388
1.56713493 1.620692295
1.620699838 1.675343934
1.675414055 1.725372639
1.725670722 1.773416454
1.773509762 1.829404855
1.82941575 1.893090323
1.893103453 1.95929818
1.959309355 2.013325996
2.013335774 2.077433305
2.077445877 2.129815941
2.129830468 2.187956291
2.187967745 2.240279701
2.240286685 2.298342388
2.298355239 2.36630354
2.366318346 2.422140804
2.422157007 2.475399807
2.47541629 2.531018888
2.53104431 2.583011249
2.583027452 2.638679498
2.638694304 2.690060889
2.690072343 2.743481923
2.743504552 2.807286681
2.807304002 2.865920949
2.865947489 2.915037247
2.915050377 2.974588391
2.974607668 3.030488233
3.03049857 3.083408367
3.083423452 3.140058583
3.140068082 3.202399748
3.202411201 3.269365801
3.269374181 3.336991434
3.336999256 3.401907785
3.401917842 3.459156402
3.459166179 3.50928037
3.509292103 3.576734194
3.576749839 3.636758862
3.63677311 3.703963492
3.703980813 3.755191233
3.755203804 3.824912385
3.824921325 3.880822284
3.880829548 3.938446926
3.938456704 3.989403403
3.989412342 4.04776054
4.047774229 4.102021626
4.102049004 4.159807462
4.15981696 4.223780956
4.223794924 4.282226653
4.282236431 4.336646977
4.336663739 4.39274433
4.392758577 4.442291689
4.442316552 4.497254819
4.497268787 4.55141282
4.551420642 4.608315023
4.608338211 4.66207465
4.662088618 4.715470822
4.715486187 4.774198118
4.774215438 4.83077989
4.830800284 4.888769941
4.888861014 4.942476768
4.942494088 4.996385854
4.996401219 5.050726
5.050733543 5.104052889
5.104076914 5.165829457
5.165838676 5.222471292
5.222478835 5.277943147
5.277954042 5.332143611
5.332158138 5.383180545
5.383188367 5.438773085
5.438782304 5.491925371
5.491950793 5.554250611
5.554258154 5.623053768
5.62306634 5.681387998
5.681404481 5.738895865
5.738969618 5.797613385
5.797630985 5.849241175
5.849257658 5.905559227
5.905567049 5.969067018
5.969076237 6.028877692
6.028888867 6.09450866
6.094515924 6.148579219
6.148589556 6.204697525
6.204707023 6.258128617
6.258135601 6.305888317
6.306102032 6.363053964
6.363064859 6.425549617
6.425557718 6.497243924
6.497251188 6.560031511
6.560047714 6.625312715
6.625323331 6.687372556
6.687390156 6.751827677
6.751837455 6.816794313
6.81680409 6.878030308
6.878041203 6.95010986
6.950120197 7.017625984
7.017633248 7.077589191
7.077776645 7.135606341
7.135615001 7.195261967
7.195272024 7.258767804
7.258779817 7.321304523
7.321319329 7.389367364
7.389381333 7.448688311
7.448705632 7.515232243
7.515249284 7.580127642
7.580155299 7.625203762
7.625228905 7.678565571
7.678579819 7.731538505
7.731548004 7.781570563
7.781582297 7.83422558
7.834237593 7.89444245
7.894459491 7.953644947
7.953655004 8.005645131
8.005652674 8.061573468
8.061583525 8.113357984
8.113368879 8.161091702
8.161100083 8.216053715
8.216063214 8.270271221
8.270282396 8.329577642
8.329585184 8.384150499
8.384162232 8.441384589
8.441402748 8.501480216
8.501498654 8.55347202
8.553481798 8.610630122
8.610646605 8.663234853
8.663242395 8.721938961
8.721949018 8.771626561
8.771648352 8.831548982
8.831561553 8.887808087
8.887825966 8.939741224
8.939757986 8.997257473
8.997275073 9.054184819
9.054196832 9.106174947
9.106204839 9.157460516
9.1574675 9.212517512
9.212532318 9.273234727
9.273250651 9.331095712
9.331110797 9.390177243
9.390194843 9.448460349
9.448477949 9.505895862
9.505913462 9.565291957
9.565305926 9.622930288
9.62294733 9.680056822
9.680072187 9.733118315
9.733155751 9.795651961
9.795668444 9.847704945
9.84772478 9.8942969
9.894310868 9.942016653
9.942045707 9.996788977
9.996813282 10.045477847
10.045486508 10.092099973
10.092125115 10.145641415
10.145729415 10.215505322
10.215519849 10.272232923
10.272252478 10.323461222
10.323480219 10.377546868
10.377582906 10.427676701
10.42769486 10.478765317
10.478785152 10.530724435
10.530747902 10.580835832
10.580851197 10.632022226
10.632041223 10.687926538
10.687943858 10.741270189
10.741288627 10.79117709
10.791195808 10.850598049
10.85062403 10.907728496
10.907796103 10.968212998
10.968220541 11.024284929
11.024303647 11.063357773
11.063382078 11.117628637
11.117638135 11.170939881
11.171002458 11.230431521
11.23044968 11.287402729
11.287412786 11.345201694
11.345224602 11.397699149
11.397713676 11.458779537
11.45880915 11.516931341
11.516957601 11.571987501
11.571995882 11.625757184
11.625768359 11.679014231
11.679031831 11.740164462
11.740181224 11.80250339
11.80252127 11.858027487
11.858041455 11.909512242
11.909531518 11.967603145
11.967622142 12.026984993
12.027015444 12.082516912
12.082531439 12.132866885
12.132887838 12.182192988
12.182218689 12.236729808
12.236752716 12.300279224
12.300299897 12.358539143
12.358555905 12.407819988
12.407835912 12.466787258
12.46679536 12.522378961
12.522396561 12.579716137
12.579735134 12.645898849
12.645925389 12.691162982
12.691180582 12.740966798
12.740993338 12.790304634
12.790341789 12.848223725
12.848239649 12.89375102
12.893771973 12.940164741
12.940196309 12.989926652
12.989955427 13.039541896
13.039561731 13.092595845
13.092624341 13.146417771
13.146437327 13.204622095
13.204639695 13.263293238
13.263308604 13.319156484
13.319173246 13.37397183
13.373981888 13.425522796
13.425541235 13.481459235
13.481485775 13.538481007
13.53849302 13.597825421
13.597840227 13.648663167
13.648704793 13.697471885
13.697488927 13.75082699
13.750856882 13.812036166
13.812055442 13.863417277
13.863443258 13.912394452
13.912411493 13.960800603
13.960808146 14.007878095
14.007888431 14.063927398
14.063943321 14.115943506
14.11595496 14.172094497
14.172102878 14.233681934
14.233794518 14.282100658
14.282129153 14.339693452
14.339710214 14.399341816
14.399372546 14.448053872
14.448080132 14.507261956
14.507279835 14.551668717
14.551693301 14.597254399
14.597314463 14.643275891
14.643293491 14.699684735
14.699701218 14.755374774
14.755471993 14.80612536
14.806145474 14.852375929
14.852390736 14.906387544
14.906414363 14.956426304
14.956445301 15.006218666
15.006235428 15.054923739
15.054939384 15.100991885
15.101019262 15.154445048
15.154472985 15.210796622
15.210811707 15.259700044
15.259720438 15.311799962
15.311831251 15.370251805
15.370270243 15.419891353
15.419907557 15.483161407
15.483189902 15.52746173
15.527480447 15.576776377
15.576790066 15.635335775
15.635348347 15.691607731
15.691636227 15.746573935
15.746589021 15.805078019
15.805094501 15.856434825
15.856444044 15.912637218
15.912668228 15.966577037
15.966594357 16.015986109
16.016002312 16.075016238
16.07504613 16.131350212
16.131369488 16.191312861
16.191328226 16.243206049
16.243223929 16.301259795
16.301275719 16.349746126
16.349760373 16.406369803
16.406400254 16.465785455
16.465796071 16.52245383
16.522470313 16.57347065
16.573499425 16.624672968
16.624683304 16.676181748
16.676204376 16.721337766
16.721348941 16.773066967
16.773096859 16.815100522
16.815114211 16.861427917
16.861446914 16.910208978
16.910228254 16.961245912
16.961339778 17.010046528
17.010074464 17.063990814
17.064006179 17.113475874
17.11348621 17.158592781
17.158609543 17.208318654
17.208337372 17.249528361
17.249557694 17.288680264
17.288699261 17.337821425
17.337852435 17.379385087
17.379400173 17.417555022
17.41757346 17.472030662
17.472059716 17.511749955
17.511775657 17.557387041
17.5574052 17.600438322
17.600453687 17.675560719
17.675575525 17.730390035
17.730418809 17.778283832
17.778296682 17.827320511
17.827337273 17.875768846
17.875795945 17.928478338
17.928509348 17.972766091
17.972780338 18.027267151
18.027288941 18.085972657
18.086004505 18.138906479
18.138931901 18.195577929
18.1955905 18.251116831
18.251145606 18.285496341
18.285525674 18.329901984
18.329920422 18.381281419
18.381296225 18.443836017
18.443851941 18.487913406
18.487940784 18.537100943
18.537120219 18.587782245
18.587796772 18.632099329
18.63211637 18.690253648
18.690271528 18.736436613
18.736457844 18.791351694
18.791379909 18.843677058
18.843701362 18.901864063
18.901872164 18.954355092
18.954399232 19.005956622
19.00597087 19.058932069
19.058942406 19.117166287
19.117185284 19.176238039
19.176261506 19.222136332
19.222151138 19.270266191
19.270284629 19.320956433
19.320984928 19.361207359
19.3612244 19.415493588
19.415507276 19.470006661
19.470024261 19.521667417
19.521685017 19.58175159
19.581773939 19.641830176
19.641853922 19.708209002
19.70822744 19.762638825
19.762665644 19.8199503
19.819977957 19.874845265
19.874862027 19.929197424
19.929213907 19.974645379
19.974669963 20.025004014
20.025078046 20.07724641
20.077266803 20.13025957
20.130290858 20.173403321
20.173423994 20.224228776
20.224250287 20.282269953
20.282277775 20.333509146
20.333528422 20.375623157
20.375654167 20.421991342
20.422006986 20.474097125
20.474105785 20.524777309
20.524808598 20.570801594
20.570821988 20.614237842
20.614266896 20.656497122
20.656508856 20.705590793
20.705603923 20.748497363
20.748522506 20.796561851
20.796570232 20.856540145
20.856559141 20.908534184
20.908545638 20.954802634
20.954814367 20.997857828
20.997875148 21.049683128
21.049711065 21.091712772
21.091738194 21.140483775
21.140533502 21.189397534
21.189410665 21.231094174
21.231119317 21.279992009
21.280010727 21.332457335
21.332484992 21.377736554
21.377744097 21.419129803
21.419147403 21.462067104
21.462091409 21.498473128
21.498486258 21.556070393
21.556078773 21.620430248
21.620447569 21.679962396
21.679980555 21.735156561
21.735180028 21.789493356
21.78951319 21.846979991
21.846994798 21.90488763
21.904915567 21.962414495
21.962430978 22.02083002
22.02086494 22.062152033
22.062224947 22.130876968
22.130894568 22.195032048
22.195045737 22.250247725
22.250276499 22.311030031
22.311044838 22.374227729
22.374258179 22.435885564
22.435916295 22.49597784
22.495995998 22.55936718
22.559386736 22.614178617
22.614196217 22.667561378
22.66758708 22.727379316
22.727394401 22.789729979
22.789754563 22.844329095
22.844359545 22.901911276
22.901926641 22.946853019
22.946870899 22.992231693
22.992250131 23.051356246
23.051365186 23.100797446
23.100806944 23.152887865
23.152905465 23.202198322
23.202209217 23.264758508
23.264771359 23.326882046
23.326909144 23.379814751
23.379835424 23.431243914
23.431272409 23.485044047
23.485072263 23.53347199
23.533491825 23.58637592
23.586401342 23.649419408
23.649437008 23.709333726
23.709352164 23.761618304
23.761634787 23.818288636
23.81830428 23.8844043
23.88454957 23.935008218
23.935023304 23.977698561
23.97771197 24.033350886
24.033367927 24.092237139
24.092253622 24.15197043
24.151989147 24.215223162
24.215240203 24.270663728
24.270684121 24.327030109
24.327052738 24.385571627
24.385667729 24.440928384
24.441004371 24.493230004
24.493244531 24.541207889
24.541226606 24.598575794
24.598591718 24.653819687
24.653830862 24.713103757
24.713160189 24.770999664
24.771024528 24.82593458
24.825951901 24.886456796
24.886471323 24.948597934
24.948605198 25.006267833
25.006285433 25.063190711
25.063216691 25.121493373
25.121519913 25.172605734
25.172622496 25.231464611
25.231487519 25.290845064
25.290860988 25.347067293
25.347088804 25.399047643
25.39906636 25.438927571
25.438949082 25.498402169
25.498425915 25.56280393
25.562831029 25.633440281
25.633458719 25.68306251
25.68307983 25.73131585
25.731337361 25.788114967
25.788128377 25.847758581
25.847773388 25.905829929
25.905853954 25.965600374
25.965613784 26.026432967
26.026449449 26.089673406
26.089683742 26.15841287
26.15843019 26.209170157
26.209185801 26.256961705
26.256985451 26.306727808
26.306743452 26.368787931
26.368811677 26.419391568
26.419411124 26.46878332
26.468800362 26.516633257
26.516644431 26.56506092
26.565068184 26.620742579
26.620752636 26.673596782
26.673609074 26.721458172
26.721483874 26.774690356
26.774707677 26.824207543
26.824225143 26.883317571
26.883331819 26.941222137
26.941238619 26.991676873
26.991697546 27.046272639
27.046284093 27.103743351
27.103753129 27.156024856
27.156094418 27.207602081
27.207612418 27.257661237
27.257676602 27.300537915
27.30055356 27.352632804
27.352651522 27.40550824
27.405527237 27.447140067
27.447167166 27.498696621
27.498720646 27.557014647
27.557036716 27.6139392
27.613957358 27.669251816
27.669310483 27.734830542
27.734847862 27.793731883
27.793742778 27.852133719
27.852161934 27.908755998
27.908778906 27.962603626
27.96261508 28.021424787
28.021444902 28.069911398
28.069934585 28.122251849
28.122270007 28.185430828
28.18544759 28.236739304
28.236765844 28.290984467
28.291001508 28.351972944
28.35199669 28.41433897
28.414357129 28.473660756
28.473675562 28.533387622
28.533404943 28.588896071
28.58891395 28.641503597
28.641520638 28.695231375
28.695255401 28.749033184
28.749049946 28.812401573
28.812419732 28.874875156
28.874882699 28.936791964
28.936801462 28.995640506
28.995657267 29.055210646
29.055234671 29.119748736
29.119768292 29.184011094
29.184018916 29.246902606
29.246911546 29.312094132
29.312109776 29.372649594
29.372658254 29.447241755
29.447256003 29.509520343
29.509541016 29.579778153
29.579785138 29.635296383
29.635312027 29.698324226
29.698334842 29.754067623
29.754088296 29.811214272
29.81122824 29.86273367
29.862748476 29.922004889
29.922013828 29.979587347
29.979601595 30.034002364
30.034015494 30.084804629
