0.075233863 0.124590975
0.124627292 0.16759281
0.167600353 0.200424357
0.200518782 0.265588783
0.265604148 0.305809259
0.30581764 0.348494293
0.348501835 0.392042006
0.392062679 0.459440236
0.459459233 0.506705741
0.506720268 0.544414445
0.544432324 0.578925814
0.578945649 0.6257245
0.625744893 0.676043465
0.67605855 0.712205043
0.712218732 0.7502068
0.750224679 0.781042284
0.781051224 0.842667715
0.842679169 0.883443009
0.883459212 0.921893985
0.921907953 0.964822066
0.964883805 1.002869919
1.002883608 1.039423167
1.039440209 1.097095302
1.097108991 1.146973149
1.146989632 1.177084239
1.177100442 1.213212014
1.213225983 1.262048668
1.26205677 1.312314833
1.312328522 1.365766879
1.365778054 1.398999594
1.3990144 1.430342126
1.430359726 1.489696595
1.489714195 1.530820818
1.530838418 1.566995246
1.567012846 1.60624046
1.606258059 1.655991195
1.656007398 1.694166438
1.694180686 1.744045124
1.744062724 1.778562639
1.778580518 1.823393476
1.823401578 1.875418525
1.875432493 1.920851673
1.920865641 1.966334828
1.966450485 2.000136329
2.000150577 2.060336439
2.060355157 2.100904724
2.100918692 2.151128706
2.151184299 2.201112153
2.20112668 2.283323439
2.28334048 2.324882073
2.324899394 2.358151386
2.35816731 2.404330718
2.404348318 2.444101415
2.444117338 2.499136343
2.499157575 2.546744907
2.546765022 2.585740088
2.585756012 2.622816029
2.622829438 2.674453597
2.674473432 2.713223329
2.713237856 2.75504736
2.75506943 2.797930464
2.797948902 2.863725418
2.863741341 2.914447507
2.914465107 2.953427041
2.9534452 2.988519212
2.98853346 3.027931483
3.027945731 3.094430996
3.09444664 3.135223331
3.13524149 3.170917533
3.170932898 3.201937398
3.201952763 3.264889252
3.264949595 3.3061079
3.306126338 3.34851245
3.348526698 3.387305928
3.387321014 3.439841656
3.439859815 3.4822937
3.482304874 3.522907242
3.522915064 3.552603752
3.552621632 3.58470448
3.584720963 3.639577097
3.63959777 3.674984949
3.674998917 3.70713736
3.707152726 3.735541529
3.735555497 3.772004264
3.772022143 3.831878913
3.831949313 3.870970194
3.870984162 3.909334566
3.909351607 3.941248957
3.941256779 4.005318274
4.005336154 4.041915662
4.041928513 4.077920239
4.07793309 4.112055024
4.112063405 4.133958087
4.133972335 4.194370235
4.194389232 4.229817757
4.229833402 4.260515792
4.260570268 4.292134055
4.292143274 4.331041516
4.331055484 4.375130638
4.375153546 4.411284395
4.411300319 4.447713885
4.447728412 4.478036455
4.478050423 4.508616038
4.50863727 4.565306204
4.565403703 4.609016788
4.609035785 4.650309466
4.650384895 4.69255059
4.692568469 4.747344705
4.747359232 4.785690081
4.78570824 4.821435685
4.82144211 4.854715893
4.854736846 4.884141979
4.884210703 4.950007613
4.950017112 4.983141992
4.983149814 5.005403201
5.00541689 5.033770214
5.0337853 5.065097379
5.065114979 5.134705389
5.134724107 5.166708618
5.166726218 5.19960861
5.199625651 5.236573084
5.236591802 5.28363996
5.283655604 5.331389324
5.331403013 5.370385901
5.370401825 5.408456103
5.408467836 5.446650342
5.44666431 5.511633461
5.511650782 5.542116946
5.542132032 5.5917713
5.591784989 5.62971523
5.629731154 5.706017105
5.706032191 5.739666914
5.739683117 5.770083628
5.770092847 5.816402643
5.816418846 5.873496213
5.87353728 5.926799355
5.926813323 5.974329698
5.974338079 6.007753778
6.007762159 6.046124578
6.046141899 6.09443379
6.094450552 6.143592551
6.143607357 6.186312785
6.186330943 6.240889555
6.240914418 6.289017179
6.289028912 6.329684919
6.329703636 6.364896655
6.364915931 6.399554971
6.399572292 6.455885036
6.455899284 6.493314095
6.493338679 6.533480373
6.533496855 6.577939934
6.57800754 6.645596018
6.645650214 6.698888266
6.698910895 6.733414163
6.733433998 6.775202994
6.775220594 6.817818745
6.817827405 6.876114421
6.87612811 6.926082224
6.926098986 6.95983875
6.959848807 7.00128033
7.001344584 7.050093796
7.050120895 7.087152417
7.087247401 7.123235216
7.123254213 7.17698227
7.176997077 7.212410795
7.212427278 7.260167424
7.260181113 7.306457664
7.306480293 7.356408984
7.356424629 7.389032125
7.389048049 7.441611155
7.441627078 7.486690905
7.486754321 7.521488905
7.521534441 7.556376858
7.556384959 7.588595477
7.58861168 7.648154444
7.648163384 7.691666398
7.691681484 7.726403496
7.726415229 7.766257723
7.766274765 7.816281678
7.816299557 7.866409836
7.866417379 7.906297309
7.906317144 7.946679816
7.946701886 7.982818208
7.982836366 8.042640615
8.04332059 8.088737535
8.088753459 8.124837374
8.124853857 8.175007438
8.175025876 8.216402363
8.216418846 8.252826266
8.252841351 8.295790106
8.295805751 8.334605375
8.334624093 8.378672428
8.378691425 8.431702073
8.431719394 8.475444226
8.475774156 8.505331823
8.50534635 8.553468108
8.5534804 8.619946948
8.619957285 8.660848237
8.660861925 8.686937027
8.686950996 8.724348486
8.72436469 8.776983109
8.776994563 8.814693488
8.814707177 8.844607625
8.844624666 8.892600317
8.892608419 8.932941477
8.93295768 8.990851072
8.990868672 9.027114061
9.027129147 9.057427411
9.05744529 9.097842603
9.097860203 9.127609515
9.127623762 9.190167745
9.190186183 9.225986824
9.22600582 9.257046357
9.257063678 9.293727276
9.293744037 9.372003425
9.372010968 9.402745879
9.402761524 9.438306266
9.438324145 9.479074855
9.479084913 9.512784446
9.512798414 9.563709355
9.563726676 9.606280128
9.606294376 9.637560361
9.637567625 9.676515033
9.676532074 9.729017236
9.729026176 9.770179171
9.770188949 9.811403405
9.811417094 9.860565519
9.86058703 9.904566362
9.904584242 9.951706153
9.951744147 9.994035834
9.99405511 10.038482825
10.038500425 10.094393842
10.094408927 10.143886723
10.143895104 10.184324544
10.184342703 10.223483711
10.223501311 10.26200453
10.262013749 10.31838013
10.318395775 10.3579075
10.357914763 10.398083836
10.398091378 10.441573999
10.441583777 10.506986503
10.506998516 10.549183206
10.54919019 10.595794159
10.595810083 10.637548906
10.637565948 10.693841536
10.693859415 10.73391758
10.733934621 10.772557965
10.772572492 10.809071544
10.809122668 10.844480514
10.844545885 10.892878005
10.892895326 10.935257973
10.935266074 10.964297138
10.964314459 10.996802665
10.996819427 11.021898313
11.021909488 11.082642626
11.082655198 11.114659824
11.114675469 11.152934242
11.152951004 11.189979452
11.190047617 11.223078631
11.223093438 11.271775883
11.271791527 11.30921835
11.309245727 11.347503384
11.347520984 11.383862753
11.38387309 11.421601629
11.421615039 11.472051057
11.472073965 11.511441817
11.511464446 11.548653809
11.548728399 11.587910754
11.587927237 11.63690916
11.636925084 11.678212455
11.678243185 11.712353944
11.712372382 11.75909983
11.759118268 11.806923784
11.806942222 11.872478484
11.87249357 11.905738858
11.905757854 11.954050586
11.954071817 11.998326882
11.9983456 12.059012248
12.059112261 12.107748332
12.107760903 12.155052388
12.155068033 12.201210767
12.201235352 12.26322703
12.263242116 12.308128547
12.30814894 12.3529876
12.35300995 12.394771402
12.394859681 12.452156069
12.452172552 12.499783353
12.499800953 12.545116209
12.545130456 12.579983769
12.579995782 12.633164271
12.633251433 12.695469397
12.695486997 12.735155445
12.735173325 12.768983488
12.768993545 12.801556902
12.801574782 12.835074291
12.835099713 12.894735225
12.894762323 12.929858125
12.929890252 12.96433597
12.964363347 12.997605841
12.997620368 13.054560286
13.054577607 13.104311022
13.104328064 13.152351765
13.152371321 13.204346921
13.204356978 13.248303346
13.248326533 13.30279407
13.302809715 13.337449592
13.337465236 13.37203583
13.372050916 13.403950501
13.403969219 13.470706752
13.470724911 13.504252077
13.504269398 13.544838519
13.54485584 13.588518094
13.588535973 13.624409246
13.624426288 13.690747008
13.690762653 13.737307115
13.737324715 13.783575008
13.783593725 13.829775292
13.829794009 13.894105815
13.894122856 13.94144144
13.941462951 13.9878465
13.987863821 14.032330644
14.032349082 14.094129002
14.094144926 14.137874506
14.137889872 14.181981509
14.18199883 14.213276547
14.213298059 14.270761508
14.270776873 14.305753664
14.305844179 14.33901655
14.339080804 14.376843705
14.376852644 14.410603583
14.410616992 14.44256379
14.442581111 14.504411873
14.50442193 14.549047713
14.5491237 14.594779225
14.595136812 14.639506697
14.639580449 14.716447201
14.71646089 14.760785239
14.760854801 14.789864914
14.789881396 14.835476017
14.835541947 14.894343275
14.894359758 14.939552093
14.939629756 14.985405128
14.985421611 15.029002568
15.029016536 15.092230157
15.092291618 15.139083319
15.139098963 15.17831121
15.178327972 15.211476878
15.211491964 15.254868705
15.254886026 15.320062466
15.320080904 15.355268337
15.355285099 15.401593499
15.401663899 15.436118557
15.436137554 15.489066627
15.489084506 15.533851649
15.533867852 15.566299069
15.566309126 15.606671797
15.606689118 15.641746367
15.641763129 15.701964914
15.701982514 15.740283751
15.740302189 15.77251131
15.772528351 15.811989233
15.811996776 15.861978827
15.861996986 15.903838894
15.903849231 15.936505896
15.936523496 15.974715502
15.974732264 16.012704686
16.012721728 16.059440236
16.059449176 16.097829751
16.097843719 16.139331116
16.139341452 16.180952606
16.180967971 16.24207909
16.242094176 16.294968214
16.294977433 16.337820589
16.337827853 16.382788315
16.382797813 16.427502937
16.427517743 16.474468962
16.474485165 16.517165728
16.517183887 16.550867777
16.550888171 16.595417015
16.595434336 16.65686421
16.656965899 16.702543479
16.70256052 16.744586532
16.744602177 16.780358955
16.780372085 16.826824918
16.826843914 16.857175143
16.857183804 16.90581261
16.905824064 16.949963194
16.949981352 16.992889598
16.992906081 17.055557061
17.055565721 17.102290654
17.102306857 17.148163802
17.148180843 17.189709865
17.189728304 17.249681734
17.249699054 17.294466754
17.294477929 17.331345185
17.331365578 17.363378586
17.363393113 17.414355456
17.414375011 17.452285974
17.452303015 17.501705385
17.501722985 17.546990469
17.547007231 17.610829589
17.610846909 17.647395408
17.647409935 17.687064976
17.687075312 17.724347927
17.724358542 17.762927131
17.762937467 17.835375166
17.835392766 17.877130192
17.877146954 17.919585869
17.919655431 17.9590772
17.959096476 18.014314109
18.01433115 18.057570725
18.057588325 18.104247327
18.104265206 18.138213935
18.138230976 18.192462728
18.19247977 18.231605413
18.231621057 18.263321734
18.26333263 18.29918607
18.299194171 18.337018251
18.337026911 18.389766017
18.38978641 18.423508015
18.423526173 18.465361658
18.465376744 18.500327834
18.500342361 18.550433365
18.550451524 18.586182041
18.586196848 18.62539317
18.62541077 18.656479245
18.656497403 18.692577408
18.692594729 18.750684234
18.750694012 18.785855185
18.7858658 18.819820116
18.819839671 18.857680795
18.857698954 18.891381725
18.891393738 18.946071078
18.946079739 18.983272454
18.983290613 19.020146415
19.020231062 19.051783117
19.051800159 19.090093013
19.090108378 19.135790442
19.135806366 19.173726548
19.173735488 19.221590174
19.221608054 19.262470229
19.262477213 19.319978655
19.319993741 19.366772313
19.366798573 19.398567694
19.398583059 19.428767062
19.4287855 19.492423199
19.4924313 19.547062265
19.547078189 19.575137063
19.575155501 19.59843332
19.598442819 19.632185933
19.632202695 19.71008969
19.710108687 19.733905845
19.733922328 19.768484262
19.768502421 19.792773103
19.792789027 19.835601729
19.835609272 19.885887731
19.885895833 19.91977835
19.919790084 19.958397506
19.958418458 19.985928379
19.985945979 20.024052777
20.024071494 20.068363995
20.068384109 20.109942184
20.10995699 20.140621222
20.140641337 20.194814423
20.194832023 20.254025301
20.254046253 20.286043058
20.286051439 20.319381653
20.319393107 20.360003854
20.360021733 20.404183771
20.404202209 20.448195509
20.448210874 20.47669103
20.476700249 20.512786959
20.512803162 20.559687334
20.559794051 20.604374577
20.604391618 20.641764805
20.641781846 20.677478282
20.677494485 20.709527047
20.709542692 20.768071359
20.768090915 20.812370566
20.812388166 20.854196272
20.854212755 20.89690645
20.896923491 20.939325807
20.939334188 20.998296151
20.998312075 21.041916779
21.04193382 21.089129483
21.089190944 21.161453199
21.161470241 21.204484647
21.204501409 21.245104054
21.245161045 21.28417634
21.284191705 21.32739943
21.327414516 21.392880099
21.392896023 21.430178975
21.430223674 21.463270889
21.463287093 21.49687069
21.49688801 21.553335408
21.553351332 21.584914841
21.584931603 21.628415342
21.628423164 21.662424972
21.66243922 21.69283135
21.69284923 21.756926926
21.756945085 21.791375997
21.791394436 21.824843659
21.824861818 21.866999296
21.867009353 21.925457285
21.925465945 21.961820286
21.961830902 21.990015769
21.99002834 22.022766299
22.022781944 22.082446231
22.082459361 22.14339895
22.143457617 22.178203374
22.178219019 22.212740445
22.212755252 22.251978392
22.251987891 22.32831072
22.328317705 22.369861252
22.369878014 22.414351544
22.414368585 22.4535596
22.4535772 22.506841512
22.506849054 22.559859702
22.559867245 22.591895059
22.591912938 22.628741919
22.628760636 22.686863552
22.686881711 22.726419977
22.726436739 22.769024832
22.769041315 22.801255185
22.801271109 22.832715888
22.832725107 22.891213825
22.891221927 22.916201639
22.916218121 22.954583612
22.954599256 22.987072937
22.987143337 23.03308018
23.033204776 23.06913588
23.069156274 23.106338934
23.106388381 23.139167686
23.139177743 23.175296579
23.175374802 23.206512838
23.206528482 23.26027386
23.260288946 23.303245244
23.303262844 23.347421528
23.347438849 23.385704049
23.385721928 23.442658494
23.442719116 23.481258929
23.481275691 23.515880369
23.515888191 23.547393313
23.54741231 23.580931654
23.580948136 23.650852272
23.650864564 23.683594143
23.683609787 23.714262287
23.714276534 23.754956006
23.754969974 23.808839111
23.808855594 23.849065452
23.849073833 23.886234702
23.886252023 23.917217131
23.917233893 23.955828183
23.955845783 24.011288864
24.011306185 24.039105806
24.039123127 24.081133495
24.081150257 24.121112877
24.121127404 24.181179729
24.181195932 24.216185575
24.216202337 24.2638908
24.263907841 24.300721459
24.300737662 24.343371014
24.343386658 24.404199694
24.404216735 24.440443965
24.440459051 24.478122777
24.478132555 24.512388305
24.512407302 24.560890558
24.560905644 24.613741968
24.61375454 24.645963662
24.645979306 24.677821622
24.677843691 24.711455226
24.7114664 24.765565455
24.765586128 24.80593064
24.805947402 24.845275864
24.845283407 24.877020961
24.877034929 24.909617283
24.90962762 24.958368451
24.958384095 25.01343327
25.01345059 25.045383141
25.04540102 25.078694638
25.078736263 25.143095
25.143110086 25.190516951
25.190531757 25.219599697
25.219616179 25.2566477
25.256665859 25.293124124
25.293139769 25.348496246
25.348512728 25.396853508
25.396867477 25.441691611
25.441702227 25.478699944
25.478714471 25.536001082
25.536017005 25.574558777
25.574573304 25.610517258
25.610528153 25.648056664
25.648073426 25.685110536
25.685124784 25.740570936
25.740584905 25.773041543
25.773053277 25.810407746
25.810505244 25.851231929
25.851247014 25.885164453
25.885180656 25.939806873
25.939825311 25.982028441
25.982043248 26.024000813
26.024008636 26.057436348
26.057529657 26.110752063
26.110769104 26.151862875
26.151870139 26.183632556
26.183653508 26.225646554
26.225659964 26.283256669
26.283274269 26.331336243
26.3313463 26.370586484
26.370602128 26.410078095
26.410152406 26.447693769
26.447708296 26.50348857
26.503502818 26.546780665
26.546797427 26.580982218
26.580996745 26.616419962
26.616438679 26.671906623
26.67192534 26.712372102
26.712379645 26.739208474
26.739216016 26.770766675
26.770783995 26.810650234
26.810667276 26.860488412
26.860508526 26.89349065
26.893533674 26.937152625
26.937175253 26.970620566
26.970678954 27.036106822
27.036124702 27.078865049
27.078872312 27.11999765
27.120015809 27.162502774
27.162519536 27.204569015
27.204588291 27.250677389
27.250692475 27.282670003
27.282690397 27.331047101
27.331064701 27.360884971
27.360902012 27.43956173
27.43957933 27.487909774
27.487928212 27.538618455
27.538630747 27.580296656
27.580306992 27.631451202
27.631459583 27.67705169
27.677070966 27.715434502
27.71544428 27.756257288
27.756274888 27.809035504
27.809053104 27.838644854
27.838652118 27.87968303
27.879693088 27.917253168
27.917262667 27.970224147
27.970242305 28.033977501
28.033994263 28.077615728
28.077635005 28.118051595
28.118066401 28.157879003
28.157899396 28.217953957
28.217969601 28.26294012
28.262959117 28.304405726
28.304424723 28.348150112
28.348368296 28.379635957
28.379651322 28.431279392
28.431287494 28.474015551
28.474033431 28.519436965
28.519453727 28.562705035
28.562721238 28.623995785
28.624012547 28.673427206
28.67344313 28.718843315
28.718858121 28.770485074
28.770493734 28.832044574
28.832059659 28.870772121
28.870790839 28.91030005
28.91031765 28.950937618
28.950947675 29.005959136
29.005976178 29.037548346
29.037558124 29.066000286
29.066015092 29.101801205
29.101811541 29.133185361
29.133309119 29.174689519
29.174705164 29.205744863
29.205805205 29.247682874
29.247691255 29.268361758
29.268376285 29.301366233
29.301382156 29.353007432
29.353025871 29.390603272
29.390620593 29.425555481
29.425569728 29.45809118
29.458100958 29.496420354
29.496431528 29.555249059
29.555313033 29.591012543
29.591019806 29.628202186
29.628218668 29.660303193
29.660314088 29.713550464
29.71356108 29.750906328
29.750925884 29.79060467
29.790625343 29.823723125
29.823738211 29.862665225
29.862680869 29.905770983
29.905788583 29.938697514
29.938711761 29.988657495
29.988675375 30.046451712
30.046468753 30.092935831
