0.104325829 0.126516638
0.126546251 0.144584018
0.144656933 0.164589633
0.16460835 0.186484875
0.186497167 0.208514489
0.208548013 0.230972931
0.231014836 0.250677949
0.252482368 0.275491439
0.275514905 0.295586171
0.295600418 0.31483778
0.314858733 0.336520143
0.336544169 0.354760172
0.354821632 0.378112581
0.378188009 0.396289192
0.396315173 0.414845183
0.41485971 0.445496564
0.445530087 0.466196402
0.466218192 0.486733928
0.486758512 0.513580916
0.513596002 0.532996791
0.533018861 0.557769213
0.55780134 0.584995579
0.58500843 0.612119976
0.612143722 0.63888092
0.638899637 0.661031219
0.661063067 0.686186093
0.686205928 0.708020153
0.708033003 0.727253044
0.727285171 0.749785517
0.749820438 0.776875832
0.776905724 0.795805332
0.795829078 0.815663723
0.815769323 0.844330494
0.844446989 0.865689912
0.86577009 0.885431248
0.885454994 0.906330553
0.906355138 0.93097279
0.931002402 0.963098662
0.96312157 0.996097548
0.996127719 1.020234695
1.020354542 1.04807231
1.048092424 1.072180123
1.072209457 1.093549039
1.093583681 1.116991126
1.117012357 1.134521008
1.134550341 1.15572398
1.155750799 1.175506663
1.17553013 1.192456863
1.19248005 1.215510071
1.215536331 1.234045668
1.234077236 1.252712286
1.252727931 1.258408261
1.258426419 1.262153708
1.262172426 1.268905125
1.268924122 1.271926738
1.271948529 1.276733774
1.276787412 1.27999173
1.280014359 1.284267134
1.28429088 1.289745205
1.289768951 1.297068762
1.297081892 1.306276357
1.306300662 1.319769131
1.319792039 1.333325325
1.333351865 1.347438292
1.34745254 1.361947677
1.361972261 1.376264581
1.376291679 1.391078755
1.391101104 1.406472051
1.406494959 1.422216511
1.422239419 1.4388189
1.438841249 1.455558737
1.455580527 1.471540098
1.471558536 1.480536492
1.480561355 1.498061066
1.498093752 1.514729107
1.514752574 1.531102136
1.531125603 1.546155726
1.546179752 1.561983157
1.562006903 1.577907526
1.577930155 1.59330697
1.593331554 1.609325208
1.609349513 1.625143977
1.625167164 1.638253464
1.638266315 1.652445492
1.652468959 1.668856517
1.668881102 1.683156098
1.683179285 1.69846838
1.698491567 1.713677297
1.713696573 1.728617743
1.728643445 1.745145821
1.745158951 1.756795626
1.756823283 1.765126015
1.76514138 1.777809191
1.777830144 1.789728861
1.789754842 1.799924011
1.799948875 1.811955988
1.811970794 1.825292321
1.825318022 1.836831218
1.836844348 1.852439904
1.85246365 1.865909773
1.865934357 1.8782538
1.878278664 1.891860837
1.89188598 1.906768038
1.906792342 1.922548815
1.922572561 1.939626964
1.939650989 1.954552045
1.954570762 1.970001214
1.970028592 1.985780315
1.985792887 2.002108648
2.002133791 2.017878807
2.017904509 2.033828042
2.033841172 2.050852552
2.050878253 2.066525772
2.066550915 2.083143248
2.083168112 2.099813524
2.099835873 2.114244127
2.11426927 2.126646542
2.12667364 2.146064374
2.146102647 2.171077608
2.171115881 2.193563148
2.193588291 2.214872002
2.214898262 2.237548905
2.237584385 2.257598382
2.257624642 2.283278739
2.283314777 2.311849131
2.311882096 2.339400397
2.33942554 2.360649188
2.360745848 2.389182144
2.38956683 2.411536102
2.411628013 2.429849045
2.429875585 2.450666215
2.450749186 2.471271348
2.471298167 2.497478311
2.497494234 2.519130782
2.519157043 2.541209567
2.541239459 2.563659626
2.5636708 2.586722056
2.586731833 2.610505804
2.610521448 2.635443332
2.635452551 2.659506724
2.659520972 2.683900607
2.683915692 2.707799734
2.707807556 2.732579139
2.732594504 2.756385239
2.756402559 2.77962199
2.779634841 2.802957639
2.802975797 2.826652269
2.826667913 2.851362952
2.851374406 2.873370497
2.873391728 2.896657815
2.896667593 2.91863938
2.918663126 2.935697692
2.93572088 2.953179803
2.95319014 2.970533685
2.970551565 2.987505673
2.987538917 3.00560574
3.005625854 3.023551876
3.023560816 3.042219889
3.042239445 3.059612883
3.059632159 3.075095857
3.075107311 3.092125674
3.09213629 3.116318693
3.116335455 3.14005998
3.140083446 3.15787146
3.157883473 3.177711413
3.177727057 3.197309155
3.197318095 3.215250541
3.215261436 3.233870506
3.233878049 3.255203663
3.255226292 3.277446715
3.277533039 3.295826424
3.295842348 3.313367761
3.313391786 3.330803215
3.330813552 3.349259472
3.349331548 3.367229634
3.367240808 3.387246983
3.387262627 3.407303721
3.407314057 3.428924626
3.428950049 3.454515587
3.454533745 3.475814942
3.475837292 3.500825383
3.500836837 3.526283368
3.526306276 3.551803929
3.551821808 3.568141201
3.568158801 3.59597798
3.596000329 3.613803149
3.613835556 3.631918022
3.631927521 3.650150508
3.650167829 3.673927551
3.67395437 3.694767072
3.694779085 3.716128167
3.716136827 3.732849565
3.732858226 3.752634482
3.752650965 3.769859018
3.769878573 3.786502753
3.786557509 3.804482413
3.804500292 3.821920105
3.822020117 3.846679116
3.846703701 3.863789392
3.863835767 3.880558282
3.880672821 3.898007986
3.898016647 3.914928573
3.914937792 3.932555673
3.932564054 3.948870876
3.948883168 3.965366268
3.965384148 3.986356365
3.986372289 4.004353625
4.004369828 4.021735165
4.021756396 4.048620424
4.048631319 4.070169812
4.070179031 4.089216645
4.08923676 4.106187239
4.106198693 4.12384926
4.123865463 4.143819394
4.143842302 4.165381634
4.165397558 4.182619856
4.182632149 4.202381587
4.202405613 4.22051406
4.220539482 4.238804092
4.238812473 4.262646229
4.262654331 4.285629039
4.285645242 4.303529358
4.303547517 4.324127787
4.324151812 4.346306024
4.346327256 4.371215056
4.371223716 4.391085458
4.391110042 4.410125588
4.410142908 4.426760105
4.426772397 4.459912083
4.459934432 4.477715743
4.477742842 4.504300685
4.504310183 4.521647583
4.521668536 4.54187725
4.541994304 4.55798153
4.558002203 4.582436315
4.582451401 4.599118322
4.599140672 4.616879239
4.616901588 4.632079775
4.632101006 4.648427663
4.64844638 4.663574
4.66358713 4.680813902
4.680827032 4.69629017
4.696306932 4.713505207
4.713528115 4.736388283
4.736397502 4.758588869
4.758598368 4.779537622
4.779551031 4.801187582
4.801209372 4.828365056
4.82838098 4.852901975
4.852925442 4.874030077
4.874048236 4.891369992
4.891387312 4.914723519
4.914738605 4.94385683
4.943937846 4.963169062
4.963178839 4.987431362
4.98749366 5.009360407
5.009460699 5.031560155
5.031581946 5.048536056
5.048555612 5.071048694
5.071065735 5.091510791
5.091596277 5.120090682
5.120112751 5.137754657
5.137763597 5.158138534
5.158154457 5.17537592
5.175394358 5.195247439
5.195265318 5.213525461
5.213548369 5.231907407
5.23193227 5.249900196
5.249926456 5.270169812
5.270191044 5.291525038
5.291534816 5.312820484
5.312845347 5.33233721
5.332346708 5.353597453
5.353604996 5.372143945
5.372161545 5.391042158
5.391067021 5.417998096
5.418024357 5.439203306
5.439224259 5.457336617
5.457359246 5.483981343
5.48400006 5.502447378
5.502467492 5.519971112
5.519990389 5.53720347
5.537221349 5.556572692
5.556581352 5.779116061
5.779135616 5.792978994
5.792995477 5.809403429
5.809416838 5.824498644
5.824521272 5.83840069
5.838412982 5.854640742
5.854665885 5.877243616
5.87727267 5.900789903
5.900854437 5.915771975
5.915794883 5.929418124
5.929429019 5.941876132
5.941883675 5.955270292
5.955295155 5.974042789
5.974129113 5.990421408
5.990433141 6.006957308
6.006980216 6.021215265
6.021232865 6.035657324
6.035669895 6.050238508
6.050245771 6.063412528
6.063430966 6.079064237
6.079079602 6.09393149
6.093951046 6.107493829
6.107775988 6.120717576
6.12073769 6.136017845
6.136027623 6.153398546
6.153423969 6.16771461
6.167797861 6.182271489
6.182282943 6.201053485
6.201063542 6.215575163
6.215587175 6.231305375
6.231328562 6.248895878
6.248917947 6.266366814
6.266387208 6.283818753
6.283841102 6.303083771
6.303105561 6.319671354
6.319692027 6.33645114
6.336458682 6.35414026
6.354162889 6.375162764
6.375185951 6.393295795
6.393311998 6.413786947
6.413797563 6.433368764
6.433426314 6.451563535
6.451722494 6.470372351
6.470380453 6.489717546
6.489741572 6.506645396
6.506659644 6.526211012
6.526223863 6.542793845
6.542804182 6.561090584
6.56110148 6.577087032
6.577101279 6.594141713
6.594167973 6.610245435
6.610264711 6.62530992
6.625419431 6.646622406
6.646640844 6.662379434
6.662398152 6.677946218
6.677968568 6.695794018
6.695804354 6.711863098
6.711887682 6.729772637
6.729792472 6.749098838
6.749110012 6.765404261
6.765420185 6.784153012
6.784172568 6.802189663
6.802227936 6.822370998
6.822381894 6.839992233
6.840000614 6.85753273
6.8575548 6.873169354
6.873190585 6.888144442
6.88815841 6.896229548
6.896248265 6.914025106
6.914050528 6.925267315
6.925293017 6.938661477
6.938674048 6.953355524
6.953365301 6.968094827
6.968112707 6.990395146
6.990418334 7.00741826
7.007442006 7.027645132
7.02766832 7.044588347
7.044603433 7.058068832
7.058094254 7.078181445
7.078200721 7.098915922
7.098934919 7.118365322
7.118390465 7.138219801
7.138241871 7.156893403
7.156904018 7.179247082
7.179258257 7.198139706
7.198148367 7.221625932
7.22164884 7.241300221
7.241309161 7.261572069
7.261594698 7.280980403
7.281003032 7.297068761
7.297085523 7.315017409
7.315098705 7.331107723
7.331118339 7.345824678
7.345848145 7.360020337
7.360030953 7.380319006
7.380341914 7.396031338
7.396051732 7.415869054
7.4158928 7.431453997
7.431472155 7.449063776
7.449087802 7.469291487
7.469570294 7.490673534
7.490690296 7.505726844
7.505745282 7.52542879
7.525450859 7.540862036
7.540882429 7.55846595
7.5584788 7.575278421
7.575299653 7.58935116
7.589372112 7.605922261
7.60593148 7.624316775
7.624341918 7.64001961
7.640031064 7.658780934
7.658798254 7.67584204
7.675850421 7.696520925
7.696543554 7.711251569
7.711270845 7.725343862
7.725363976 7.743255636
7.743267928 7.75975522
7.759764997 7.774752657
7.77477752 7.790419171
7.790509406 7.806639949
7.806656711 7.821676219
7.821688511 7.839059712
7.839092677 7.854888819
7.854898597 7.869738192
7.869750484 7.885626803
7.885643565 7.901675212
7.901687504 7.917014593
7.917038059 7.932526897
7.932539748 7.949687459
7.949696119 7.970307678
7.970321367 7.988661685
7.988670625 8.003323326
8.003348469 8.021958377
8.02198352 8.039298289
8.039323432 8.061653645
8.061673201 8.077644783
8.077656796 8.091453521
8.091471121 8.111447962
8.111462489 8.126389806
8.126414111 8.142727914
8.142746073 8.157820057
8.157837377 8.175104098
8.175121418 8.193126778
8.193134321 8.208629307
8.208639364 8.228873781
8.228885235 8.245408842
8.24542756 8.262035257
8.26204727 8.277363742
8.27738218 8.293559377
8.293574742 8.309915364
8.309934082 8.327193259
8.327211418 8.344105744
8.344115801 8.36830407
8.368324743 8.388709178
8.388727057 8.407278298
8.407295619 8.429373285
8.429391164 8.445816436
8.445838506 8.466625785
8.466642547 8.485871806
8.485882143 8.503150818
8.5031673 8.524154885
8.524179748 8.540334315
8.540358899 8.555773986
8.555792704 8.571352503
8.571374573 8.587522715
8.587547858 8.603895744
8.603917535 8.621987709
8.622000002 8.637936106
8.637943649 8.65712737
8.657141897 8.672846967
8.672865405 8.690075973
8.690094131 8.705624317
8.705635212 8.719786172
8.719808521 8.739154277
8.739175229 8.757697417
8.757709988 8.779663336
8.779689037 8.801674793
8.80168904 8.821567265
8.821576763 8.843430938
8.843448817 8.865811714
8.865826241 8.887135095
8.887153533 8.904166031
8.904174412 8.92449068
8.924518058 8.945288017
8.945307852 8.961476668
8.961487842 8.977370865
8.977392935 8.995728226
8.995746664 9.011150858
9.011175721 9.028811761
9.028819304 9.047808588
9.047826468 9.066873023
9.066890344 9.083931895
9.083950333 9.100099592
9.100124735 9.117602935
9.117611316 9.139633667
9.139649312 9.15766473
9.157687638 9.17331169
9.173335716 9.190906944
9.19093041 9.214404064
9.21441468 9.231660168
9.231684473 9.249785377
9.249796831 9.267247093
9.267269442 9.287101293
9.287110233 9.306129688
9.306146729 9.322721462
9.322729005 9.338912068
9.338934696 9.356213148
9.356224881 9.37295103
9.372976452 9.389276569
9.389295846 9.406867631
9.406890259 9.423551874
9.423570592 9.443178392
9.443190125 9.458934583
9.458952742 9.475718002
9.475736161 9.492382969
9.492402804 9.511876787
9.511892711 9.529480981
9.529491317 9.547431306
9.547441643 9.564381226
9.564403575 9.583537851
9.583557965 9.600160633
9.600177954 9.61673341
9.616783137 9.639858975
9.639871826 9.655667129
9.655691434 9.672456972
9.67247988 9.689065229
9.689088975 9.707156356
9.707179264 9.724916433
9.724941017 9.742668969
9.742689642 9.757314966
9.757325861 9.774252871
9.774272426 9.798263745
9.798291682 9.812747987
9.812792407 9.832271977
9.832282872 9.845050139
9.845066063 9.860522494
9.860642062 9.873571919
9.873581138 9.884903249
9.884920849 9.906220482
9.906251771 9.924147342
9.924165221 9.93560187
9.935612485 9.954197809
9.954208425 9.96761376
9.967631919 9.981796009
9.981812771 9.998299503
9.99830984 10.015412852
10.015443582 10.028517588
10.028541893 10.04760577
10.047617224 10.068252807
10.068273759 10.079163132
10.079197215 10.103176519
10.103198869 10.123408979
10.123431607 10.13611646
10.136135178 10.14893932
10.148949377 10.164450508
10.164470063 10.181832606
10.181853558 10.207411276
10.207442845 10.22164437
10.221713093 10.24627711
10.246305605 10.264233022
10.264252019 10.285433763
10.285459185 10.305721814
10.305739135 10.321294465
10.321302008 10.336447508
10.336475165 10.358119537
10.35812708 10.373163068
10.373194077 10.393682716
10.393693332 10.414230857
10.414254603 10.425920611
10.425928992 10.449847115
10.449878963 10.46820727
10.468221518 10.498865915
10.498890779 10.520630135
10.520648014 10.541627774
10.541651521 10.56414181
10.564164439 10.577311361
10.577319742 10.595126194
10.595137927 10.615467607
10.615489956 10.641513375
10.641538517 10.661360591
10.661371766 10.68199785
10.68201098 10.708125194
10.708146984 10.733900536
10.733910873 10.756139397
10.756162584 10.778356186
10.778376579 10.792188111
10.79219761 10.810840483
10.810866464 10.835703977
10.835726047 10.849811078
10.849831472 10.862130242
10.862143093 10.881656744
10.881681328 10.900300176
10.900310513 10.915289233
10.915305156 10.932152548
10.932236916 10.947446113
10.947457287 10.969925785
10.969967131 10.995766499
10.995797229 11.008215567
11.008236519 11.027483658
11.027532268 11.045236754
11.045252957 11.064482217
11.064492832 11.075910483
11.075923334 11.090001381
11.090017305 11.1102696
11.110281054 11.129676535
11.129698605 11.151212793
11.151230951 11.169787221
11.169817951 11.183861913
11.183882866 11.210228673
11.210256051 11.232447698
11.232456638 11.245917565
11.245926505 11.265746902
11.265765061 11.284947109
11.284972531 11.310750945
11.310776368 11.32634818
11.32636131 11.340450252
11.340461985 11.352111509
11.352122404 11.36438374
11.364402457 11.379577012
11.379600758 11.398061763
11.39808048 11.413672128
11.413691124 11.431835329
11.431853488 11.448958735
11.448981922 11.466191093
11.466208973 11.482773088
11.482797672 11.497349243
11.497361256 11.515188102
11.515196762 11.530997094
11.531015253 11.549514533
11.549537999 11.566230622
11.566239282 11.58128952
11.581529495 11.595867071
11.595877129 11.611165663
11.611191365 11.628171177
11.628188777 11.645356322
11.645373642 11.662193657
11.662211816 11.67726792
11.677289152 11.691944923
11.691960847 11.707494107
11.707506679 11.72497091
11.72499745 11.741989832
11.742001566 11.758510648
11.758533276 11.77167014
11.771681035 11.791412314
11.791436899 11.80735205
11.807375517 11.8237343
11.823756369 11.840725286
11.840737298 11.860284755
11.860293136 11.885168364
11.885191831 11.899496443
11.899508456 11.923629956
11.923739467 11.936528523
11.936656473 11.963755727
11.963834508 11.981136149
11.981146206 11.99601709
11.996027706 12.014575594
12.014594311 12.04453862
12.044564322 12.058995485
12.05901532 12.084791781
12.084802397 12.08975973
12.08976867 12.108678336
12.10869845 12.121593945
12.121605399 12.137064625
12.137087253 12.158546686
12.158555067 12.174615207
12.174635322 12.189176277
12.189188011 12.203978158
12.203995199 12.220371023
12.220382476 12.234237311
12.234249882 12.25019716
12.250209173 12.264817735
12.264905455 12.280551296
12.280561354 12.302368876
12.302385917 12.324359099
12.324383963 12.338752549
12.338763724 12.353510291
12.35352845 12.372449848
12.372476946 12.390241775
12.390267477 12.404872127
12.404939454 12.417549155
12.41756899 12.43383279
12.433902073 12.449953833
12.449978417 12.469783448
12.469809988 12.489123616
12.489133115 12.501291363
12.501299744 12.519559328
12.51958028 12.540196307
12.540219215 12.560503917
12.560528222 12.581202078
12.581224707 12.60179911
12.60181252 12.62226875
12.622293334 12.640954086
12.640972245 12.66217075
12.662181924 12.680199855
12.680297633 12.699604836
12.699619084 12.717954376
12.717975049 12.732440573
12.73245957 12.747374315
12.74745114 12.766971778
12.766982674 12.784674308
12.784696378 12.806529599
12.806547199 12.826734681
12.82675731 12.843106035
12.843126708 12.858449326
12.858472513 12.874611995
12.874635462 12.892508125
12.892524607 12.905289636
12.905309471 12.92260748
12.922624801 12.935642377
12.935661933 12.956710418
12.95673584 12.967741428
12.967751765 12.983938739
12.983949355 13.000548951
13.000580519 13.014747962
13.01477087 13.039206378
13.039236549 13.066856261
13.066864642 13.088660987
13.088672441 13.107843034
13.107874882 13.123960725
13.124031125 13.139449285
13.139552092 13.154081873
13.154163447 13.167386076
13.167405911 13.190748822
13.190781508 13.210157435
13.210182577 13.224313144
13.224331583 13.24249227
13.242503165 13.260327498
13.260338673 13.283412833
13.28344496 13.297248391
13.297267109 13.316710921
13.316731315 13.337695151
13.33771331 13.356234938
13.356253656 13.382831057
13.382850333 13.395138765
13.39516279 13.413752305
13.413764876 13.43703236
13.437051077 13.452905883
13.452931305 13.468037975
13.468047194 13.487743273
13.487765622 13.517163492
13.517194781 13.533075292
13.533087025 13.552348412
13.552359307 13.570768908
13.570776451 13.597903922
13.597928786 13.612301282
13.612309383 13.636352942
13.636405463 13.6578188
13.657832489 13.672359753
13.672377632 13.688220708
13.688229647 13.708796508
13.708806286 13.719121841
13.719138882 13.735682885
13.735700206 13.755382316
13.755418075 13.777295996
13.777307171 13.78945676
13.789469331 13.804939452
13.804963198 13.825129449
13.825158224 13.848039065
13.848073148 13.862710202
13.862775015 13.886042498
13.886064568 13.908382488
13.908402602 13.927650579
13.92766315 13.944264423
13.94441109 13.96105287
13.961064883 13.984350523
13.984366167 14.003965866
14.003975364 14.021206604
14.021237055 14.036114923
14.036140066 14.057700349
14.057709009 14.080058776
14.080083919 14.104114906
14.104125802 14.122231176
14.122248497 14.136856498
14.136876053 14.156699802
14.156722989 14.172432528
14.172445938 14.188184809
14.188204365 14.199393496
14.199403832 14.212494324
14.21251779 14.227979532
14.227996293 14.250294659
14.250319802 14.273246458
14.273268528 14.292034042
14.292050803 14.307779339
14.307802527 14.328418833
14.328431125 14.350503764
14.350521923 14.364331498
14.364349377 14.388301025
14.388326447 14.410759466
14.410773155 14.432910327
14.432934073 14.448595281
14.448617909 14.46606454
14.466075435 14.486223527
14.486232746 14.506895707
14.506927555 14.522157701
14.522179492 14.541812156
14.541831991 14.558129873
14.558154737 14.577005456
14.57701691 14.594708823
14.5947281 14.616725308
14.616735924 14.637122874
14.637146061 14.654345172
14.654361376 14.667747714
14.66775861 14.682842092
14.682859971 14.69504448
14.695069343 14.712329079
14.712355339 14.737328347
14.737357401 14.751823483
14.75184276 14.768460515
14.768473086 14.785629736
14.7856546 14.810870933
14.810902781 14.830466998
14.8304751 14.853476068
14.853529986 14.873050345
14.873074929 14.888378549
14.888391679 14.905099947
14.905123414 14.925974389
14.925984446 14.942166949
14.942193768 14.958004995
14.958028183 14.984903667
14.984920149 15.009165967
15.00918217 15.023342071
15.02335129 15.046469033
15.046491383 15.063853643
15.063867611 15.08768293
15.087690473 15.106220761
15.106238081 15.130895684
15.130906579 15.152310697
15.152342265 15.168250431
15.168274736 15.189205051
15.189223489 15.204092976
15.204118678 15.227057905
15.22707802 15.245939635
15.245961705 15.26635508
15.266367652 15.290113686
15.290144416 15.306584215
15.306604609 15.32694602
15.326956636 15.343043597
15.343068461 15.362702521
15.362729619 15.382258637
15.382269532 15.39947982
15.399491833 15.418797359
15.4188144 15.44542309
15.445455776 15.465694939
15.465718964 15.487090955
15.487108555 15.508647047
15.508662971 15.524444305
15.524456317 15.540905057
15.540912879 15.559688171
15.55969767 15.574462954
15.574474408 15.597217521
15.597290435 15.620844547
15.620874719 15.639563965
15.639576816 15.668243587
15.668251689 15.684747082
15.684790664 15.702130855
15.702149851 15.722657208
15.722738782 15.747413985
15.747436613 15.767029886
15.767053074 15.788848581
15.788858079 15.803812773
15.8038273 15.820678044
15.820708495 15.840092244
15.840109844 15.861852273
15.861861492 15.884928947
15.884958839 15.906412405
15.906422742 15.928476942
15.928498453 15.947148308
15.947158365 15.971822394
15.971830496 15.987267653
15.987286929 16.002743363
16.002765433 16.023697423
16.023728712 16.045320003
16.045332854 16.065807244
16.065818977 16.086987032
16.087011895 16.107343807
16.107366995 16.125189652
16.125208649 16.151747497
16.151756716 16.169667092
16.16967687 16.183676974
16.183690942 16.199624252
16.199678169 16.226830783
16.226861792 16.24231599
16.24233359 16.265694381
16.265705835 16.279519602
16.27953385 16.297964124
16.297988988 16.314919911
16.314938349 16.332571875
16.332595063 16.357422798
16.357433135 16.372050915
16.372066559 16.389640023
16.389664887 16.40890057
16.40890923 16.425633703
16.425645436 16.448782735
16.448794189 16.469802166
16.469823677 16.496746371
16.496903654 16.519666883
16.51967722 16.550286696
16.55029843 16.58006115
16.580072045 16.599904176
16.59992876 16.615490515
16.615499734 16.645182836
16.645215522 16.664103396
16.664177148 16.687915641
16.687932403 16.707006055
16.707042094 16.734962403
16.734987825 16.762558367
16.76258798 16.785180238
16.785191971 16.819243784
16.819253562 16.846425731
16.846434671 16.870571816
16.870586901 16.904360469
16.904380583 16.934062567
16.934086313 16.961311842
16.961328324 16.978426864
16.978439435 16.995673191
16.99570448 17.020866337
17.020892039 17.038430859
17.038443151 17.057897021
17.057904564 17.074934383
17.074942484 17.098308023
17.098329534 17.118566184
17.118578197 17.137580892
17.137602403 17.152686163
17.152710189 17.169791968
17.169810406 17.186713952
17.186746917 17.206862043
17.206873776 17.232509437
17.232541564 17.249517744
17.249536461 17.267192337
17.267215244 17.29112806
17.291159907 17.30918678
17.30921304 17.330008421
17.330029653 17.351658378
17.351678213 17.370849365
17.370862775 17.397054652
17.397075604 17.413860418
17.413869916 17.434581767
17.434602161 17.460465224
17.460482544 17.488026269
17.488036885 17.516980228
17.516998387 17.543785591
17.543805426 17.564988006
17.564996666 17.584906181
17.585004517 17.60749704
17.607512125 17.64035317
17.640373564 17.655854024
17.65593057 17.685548859
17.685632109 17.700156302
17.700174182 17.719768014
17.719776115 17.738367584
17.738377082 17.755801085
17.755819802 17.784010815
17.784130942 17.798641446
17.798655694 17.817204978
17.81721252 17.84320074
17.843238734 17.86113179
17.861139891 17.888353965
17.8883738 17.905422894
17.905443008 17.92600037
17.926011265 17.946282835
17.946293451 17.96614374
17.96616106 17.993583539
17.993601977 18.01448033
18.014499327 18.035281019
18.035308396 18.055678303
18.055696741 18.07196054
18.071976185 18.097965242
18.097985635 18.115047022
18.11506546 18.13398602
18.133996357 18.154711839
18.154728043 18.174220465
18.174234154 18.195833825
18.195851983 18.21720861
18.217222019 18.238279444
18.238295647 18.259646684
18.259656183 18.280398205
18.280418319 18.301101394
18.301119553 18.321548407
18.321564331 18.342699699
18.342717299 18.361140031
18.36115372 18.377140669
18.377150446 18.394222169
18.39425234 18.410275046
18.410294043 18.428681855
18.428700852 18.448953705
18.44897354 18.465147105
18.465158279 18.482322193
18.482336999 18.502233661
18.502240925 18.524136725
18.524158795 18.545879711
18.545888651 18.566163854
18.566194585 18.584568426
18.584584909 18.601897446
18.601913649 18.617816507
18.617825727 18.634551596
18.634568358 18.659291053
18.659310608 18.678465557
18.678485392 18.695547337
18.695568569 18.717145891
18.717167961 18.740737717
18.740793312 18.766562507
18.766570329 18.78895446
18.788962282 18.811014246
18.811035199 18.833584713
18.833591697 18.850181515
18.850199395 18.87455696
18.874576516 18.898893292
18.898911451 18.915277778
18.91529873 18.933694643
18.933707773 18.951525681
18.951544957 18.970686774
18.970694596 19.000868266
19.001016329 19.016181942
19.016195911 19.038254579
19.038262401 19.056312741
19.056323078 19.076299639
19.076319194 19.106145332
19.106167123 19.1374806
19.137508815 19.164786584
19.164808095 19.180238548
19.180260059 19.207108163
19.207129395 19.224147759
19.224164242 19.245901921
19.245921476 19.264351473
19.264371028 19.282378623
19.282395385 19.308531948
19.308613802 19.328290884
19.328304294 19.348164918
19.348185311 19.370189785
19.370199842 19.387010637
19.387020694 19.406298004
19.406341305 19.432087316
19.432106312 19.451634214
19.451643433 19.468117034
19.468133237 19.484976999
19.484987615 19.501929434
19.501940608 19.517382234
19.51739704 19.546787927
19.546841566 19.564187067
19.564197124 19.581887639
19.581907474 19.600420722
19.600439439 19.629893462
19.629921398 19.647000943
19.647017426 19.663752513
19.663770951 19.687060504
19.687076987 19.708473002
19.708488367 19.724913081
19.724934872 19.743254517
19.743269603 19.76261005
19.762629327 19.78109508
19.781116032 19.800142753
19.800156163 19.818833676
19.818843454 19.840407368
19.840419939 19.85754558
19.857564856 19.875821924
19.875838128 19.893859972
19.893868632 19.914441078
19.914460355 19.933968142
19.93397792 19.957071357
19.957134214 19.984863717
19.984871539 20.012105447
20.012114386 20.03128889
20.031296991 20.05326012
20.053279117 20.073868044
20.073875029 20.095619692
20.095646511 20.112303655
20.112321814 20.131629855
20.131651646 20.153745516
20.153772335 20.180607868
20.180622954 20.202476568
20.202485787 20.227725588
20.22775576 20.246340804
20.246359242 20.269517772
20.269530902 20.291382562
20.291398765 20.309741878
20.309755846 20.328377487
20.328386985 20.350723902
20.350750162 20.368801899
20.368822851 20.386432911
20.386445203 20.409382196
20.40939784 20.429832839
20.429863849 20.451454582
20.451474696 20.476520058
20.476529835 20.497866905
20.497883667 20.518125904
20.518154679 20.537113793
20.537131114 20.558440246
20.558480195 20.580800351
20.580820465 20.603563858
20.603573915 20.622143035
20.622227962 20.641086784
20.641101591 20.661459764
20.661478761 20.679974687
20.680005976 20.699205063
20.699219869 20.720725676
20.720748305 20.741292536
20.741309019 20.765776374
20.765845657 20.78699136
20.787001138 20.81247365
20.812508291 20.835527138
20.835543899 20.863601377
20.863634621 20.886381088
20.886400085 20.905289077
20.9052969 20.925553386
20.925571824 20.944240117
20.944258555 20.969919918
20.96996294 20.989799539
20.989835856 21.01234151
21.012353523 21.029572191
21.029596495 21.042143901
21.042151444 21.062245619
21.062252882 21.078157975
21.078166915 21.096903095
21.096932149 21.113528393
21.113547669 21.129355265
21.129368954 21.152573299
21.152586988 21.172879512
21.172899068 21.191177089
21.191195806 21.206077585
21.206096582 21.220519364
21.220537522 21.236589006
21.236617222 21.263023929
21.263046278 21.284845976
21.284858268 21.299909343
21.299918562 21.317722502
21.317731442 21.341243925
21.341264598 21.365749276
21.365762406 21.383971703
21.383986789 21.401271668
21.401281725 21.420333588
21.420358172 21.441668421
21.441693843 21.458330595
21.458340652 21.484481125
21.4845099 21.508032442
21.508053954 21.525758439
21.525766262 21.540235418
21.540242402 21.56370125
21.563709072 21.580232122
21.580253074 21.598692289
21.598712682 21.618467149
21.618486705 21.643427864
21.6434558 21.665383446
21.665390431 21.681805087
21.681824363 21.703244962
21.703255299 21.723972737
21.723995645 21.743317095
21.743326872 21.760479332
21.760499167 21.778808756
21.778831105 21.802752862
21.802780239 21.824289396
21.824305879 21.853436957
21.853456512 21.872602241
21.872622076 21.889103502
21.889122219 21.908907414
21.90892669 21.92987237
21.929891926 21.950764409
21.950783685 21.96990567
21.969919918 21.986280655
21.986298255 22.015466768
22.015473752 22.035274871
22.035291353 22.055675789
22.055683332 22.079498648
22.079516807 22.100604962
22.10061921 22.130359302
22.130378579 22.148528371
22.148558263 22.1809811
22.181004287 22.198653736
22.198669101 22.21529831
22.215305574 22.237453361
22.237463418 22.256021083
22.256038404 22.287023349
22.287040669 22.324268305
22.324289537 22.354507345
22.354536678 22.387210942
22.387230777 22.413812368
22.41382913 22.444671316
22.444690592 22.473656845
22.473677518 22.502916149
22.502935705 22.532399506
22.53242856 22.560909554
22.560931624 22.591663741
22.591693913 22.622849271
22.622864915 22.640050338
22.640070732 22.666804578
22.666822178 22.687621747
22.68762929 22.706243389
22.706261547 22.723674375
22.723703988 22.743174897
22.743186351 22.769516515
22.769526572 22.786256071
22.786263894 22.804581305
22.804590245 22.828624306
22.828644699 22.853468804
22.853478581 22.874192388
22.874201328 22.904123565
22.904155413 22.93512611
22.935146783 22.963001439
22.963026582 22.985629736
22.985640911 23.003733991
23.003744327 23.025695163
23.025715836 23.040651532
23.040681982 23.056257705
23.056276702 23.07971823
23.079731639 23.093946295
23.09396166 23.114715135
23.114739161 23.14115928
23.141168219 23.162891649
23.162902824 23.183926446
23.183958852 23.202109204
23.202116747 23.221573689
23.221594921 23.241917336
23.241934657 23.261093516
23.261112792 23.278734026
23.278748274 23.303699489
23.303715413 23.321613777
23.321628304 23.347356156
23.347378505 23.367254494
23.367272094 23.389023742
23.38904218 23.408627351
23.408642437 23.426869892
23.426882743 23.44515434
23.445184511 23.464077415
23.46409278 23.482699893
23.482711347 23.504048976
23.504056239 23.52384339
23.52386071 23.551048525
23.551067801 23.569753974
23.569772691 23.588233138
23.588261074 23.603490105
23.603507426 23.620599542
23.620624685 23.643237895
23.643256054 23.666373515
23.666383572 23.690246942
23.690257278 23.713209637
23.713221929 23.736795596
23.73681571 23.759747674
23.759758569 23.783186128
23.783205963 23.805303464
23.805387552 23.826218134
23.826236013 23.847896307
23.847914466 23.873607118
23.873621366 23.893829519
23.893848237 23.91189662
23.911915617 23.933665031
23.933677602 23.952462949
23.952487533 23.976184959
23.976209543 23.998261508
23.998268772 24.016278323
24.016290615 24.035981666
24.035994516 24.055170137
24.055177959 24.075298674
24.075309848 24.100174739
24.100182282 24.119783378
24.119801536 24.138342719
24.138351939 24.156882227
24.156904017 24.176240274
24.176257874 24.196030777
24.196041392 24.219149359
24.219177016 24.238766656
24.238783417 24.259110582
24.259136842 24.279069823
24.279089099 24.299564328
24.299571591 24.326123289
24.32613614 24.343933653
24.343945666 24.362095459
24.362109986 24.385033849
24.38506011 24.404575718
24.404596112 24.42288
24.422911569 24.443177552
24.443195431 24.465898876
24.465909492 24.484952972
24.484963029 24.503708429
24.503722956 24.523513182
24.52354028 24.547087406
24.547096904 24.567527714
24.56753805 24.588266382
24.588275881 24.610458589
24.610491833 24.629046706
24.629104814 24.651697628
24.651710199 24.675943448
24.675954064 24.697253419
24.697272975 24.719040545
24.719057866 24.738555875
24.738568447 24.751667598
24.751676817 24.76571603
24.765747319 24.783463817
24.783481417 24.804514817
24.804522639 24.820533611
24.820552049 24.840360433
24.840376078 24.861958151
24.861979104 24.884406533
24.88442553 24.902587896
24.902604937 24.92201746
24.922050983 24.938664548
24.938683824 24.96055001
24.960570125 24.977824274
24.977836566 24.996311819
24.996329419 25.013943668
25.013964062 25.029159569
25.029175773 25.048177628
25.048196066 25.069080006
25.069106546 25.083311983
25.0833307 25.101220124
25.101230181 25.12689769
25.126923392 25.141427188
25.141446465 25.166821758
25.166857517 25.179403525
25.179415258 25.205761624
25.205775033 25.233024026
25.23304442 25.244902631
25.244924422 25.272702253
25.27271706 25.296419234
25.296449126 25.310581649
25.310595897 25.333488472
25.333504954 25.349122023
25.349140182 25.364613934
25.364636283 25.387964668
25.387988414 25.40698217
25.407002284 25.429424406
25.429514641 25.451984815
25.451999342 25.476902509
25.476912007 25.494167272
25.494180402 25.510650373
25.510669649 25.53389383
25.533913106 25.551664804
25.551691623 25.56559786
25.565616857 25.580502825
25.580525454 25.594839005
25.594859119 25.617371758
25.617444393 25.631404827
25.631565741 25.651728358
25.651737577 25.670384082
25.670401403 25.686822485
25.686832263 25.707300785
25.707319502 25.722745765
25.722813371 25.737074123
25.737131672 25.752884791
25.752903229 25.768571701
25.768597961 25.787199767
25.787218763 25.805295642
25.80530514 25.821260241
25.821277562 25.844341386
25.844350047 25.8607485
25.860804652 25.877999296
25.878009633 25.893188096
25.893260731 25.915280011
25.915286995 25.931330097
25.931358312 25.945117602
25.945134643 25.96559758
25.965618811 25.980955957
25.980974674 26.000145266
26.00015672 26.025790426
26.025798248 26.043121957
26.043138719 26.060715535
26.060744589 26.077237467
26.077254788 26.09441451
26.094434066 26.110950691
26.11095963 26.132671606
26.132684736 26.149779648
26.149792778 26.164716182
26.164729033 26.183134724
26.183156515 26.199396568
26.199414448 26.220388621
26.220405662 26.253731686
26.253740905 26.280101517
26.280126101 26.302377254
26.302392619 26.321926667
26.321958794 26.348619723
26.348646263 26.371106661
26.371120349 26.405436163
26.405447896 26.432677613
26.432690185 26.457579941
26.457605642 26.472320082
26.472340197 26.492270103
26.492280998 26.510048899
26.51005756 26.528368546
26.528395086 26.542706123
26.542732104 26.571820158
26.571839993 26.59849813
26.598517406 26.621046248
26.621061892 26.641811736
26.641828777 26.669102354
26.669121351 26.691464415
26.691473634 26.724075542
26.724104596 26.740117805
26.740139037 26.763031333
26.763045021 26.782311156
26.782444134 26.804112531
26.804212264 26.824889193
26.824990882 26.851209019
26.85122187 26.875515739
26.875524958 26.890963233
26.89097357 26.909217789
26.909225053 26.926821701
26.926851035 26.943347545
26.943369056 26.971626557
26.971646672 26.998312352
26.998325482 27.013556468
27.013569598 27.026890565
27.026908724 27.047607164
27.047631469 27.070004425
27.070011968 27.092396096
27.092407829 27.112593078
27.112602297 27.133245422
27.13339628 27.155564182
27.155573401 27.172790673
27.172820006 27.192190065
27.192466637 27.214188392
27.214200963 27.230730997
27.230740216 27.255995661
27.256002924 27.278620045
27.278672006 27.302461344
27.302482296 27.32482899
27.324849663 27.342041793
27.342060511 27.359920042
27.359930099 27.382245785
27.382253328 27.398742574
27.398765202 27.415746411
27.415762894 27.435453944
27.435471823 27.45164846
27.45166606 27.478963943
27.478975676 27.503966842
27.503991146 27.52513238
27.525151377 27.544244307
27.54427783 27.568046495
27.568061022 27.592830091
27.59284825 27.613782475
27.613800354 27.629840381
27.629861613 27.646483559
27.646546416 27.662657122
27.662676956 27.678809734
27.678821188 27.695737304
27.695746524 27.709513077
27.709536823 27.729177309
27.729188204 27.756045248
27.756074581 27.774272426
27.774290305 27.790019398
27.790038953 27.808720099
27.808743286 27.824303086
27.824331022 27.841170592
27.841200764 27.857067027
27.857084068 27.881663447
27.881672946 27.899656517
27.899673558 27.920689079
27.920705003 27.939588966
27.939617461 27.962675421
27.962703078 27.979363296
27.979381734 27.996387525
27.996406243 28.014064913
28.014130564 28.030802236
28.030821792 28.044452014
28.04447157 28.062103141
28.062122696 28.081869341
28.081889455 28.099896491
28.099913812 28.119262361
28.119269625 28.142127836
28.142157169 28.160256956
28.160282099 28.178593365
28.178609848 28.201033647
28.201042866 28.219974044
28.219992202 28.240702376
28.240710756 28.259483534
28.259505604 28.277384972
28.277402014 28.294425684
28.294442726 28.312845065
28.312863223 28.536364255
28.536383252 28.549479888
28.549502517 28.560950341
28.560964868 28.576889238
28.577014673 28.589888935
28.589909608 28.612842412
28.612862805 28.624179607
28.62420028 28.636901054
28.636918654 28.653952384
28.653963 28.66296135
28.66297923 28.677241378
28.677257023 28.692243564
28.692260605 28.706468275
28.706484758 28.727423454
28.727541067 28.744794937
28.744810581 28.75930879
28.759319965 28.772861631
28.772945999 28.781223309
28.781252363 28.797827096
28.79783827 28.81245521
28.812472251 28.82575299
28.825769193 28.840321881
28.840342833 28.859455878
28.859477668 28.872244652
28.872265884 28.885237087
28.885254966 28.89851168
28.898533749 28.911455781
28.911470867 28.926105689
28.92611826 28.947972155
28.947990872 28.961782569
28.961803521 28.973667041
28.973681847 28.989124593
28.989131297 29.004724618
29.004741939 29.020506513
29.020533612 29.036058211
29.036085868 29.050973793
29.050991952 29.063713681
29.063730443 29.083042953
29.08306195 29.096666192
29.09667597 29.11508725
29.115096748 29.131252152
29.131260812 29.149471229
29.149553362 29.161523878
29.161542316 29.177592958
29.17760525 29.192990726
29.193010561 29.209157306
29.209167363 29.222474361
29.222491123 29.236482566
29.236501004 29.254959216
29.254971228 29.273321885
29.273344235 29.289376999
29.289392644 29.30474571
29.304795438 29.311815045
29.31183488 29.546494592
29.546506046 29.557040905
29.557057108 29.568968399
29.568986837 29.581058205
29.581076643 29.594992376
29.595004947 29.607274943
29.607293102 29.622440837
29.622450336 29.633852065
29.633870503 29.645862808
29.645892141 29.658909159
29.658922848 29.670828831
29.67084671 29.68275409
29.682774204 29.694506981
29.69452486 29.710784746
29.710802905 29.724819491
29.724836812 29.737899646
29.737907468 29.750396486
29.750413527 29.762285146
29.762298835 29.773835497
29.773848627 29.785830318
29.785837861 29.798534447
29.798556238 29.811123477
29.811144429 29.823533433
29.82355243 29.838345372
29.838356547 29.851047267
29.85106794 29.863651103
29.86366144 29.875858799
29.875867738 29.891924808
29.891937379 29.903358943
29.903375705 29.918966514
29.918986069 29.93284593
29.932870794 29.948412434
29.948425006 29.961235015
29.961244234 29.976480805
29.976500081 29.985929493
29.985958547 29.998988974
29.999015235 30.013855948
30.013888355 30.030217803
30.030238755 30.041825144
30.041841627 30.054278683
30.054306899 30.066629974
30.066644501 30.083733822
30.083749467 30.096782408
30.096800008 30.111085064
