0.027235304 0.04497052
0.044999574 0.067991601
0.068002217 0.091138957
0.091148176 0.140376779
0.140391027 0.168963093
0.168976224 0.187058689
0.18707126 0.201986564
0.201994386 0.220499253
0.220530821 0.261913734
0.261928261 0.291676455
0.291692658 0.311380635
0.311390413 0.328285577
0.328300383 0.34457843
0.344590164 0.361002304
0.361071866 0.406681574
0.406694704 0.426910403
0.426924651 0.447650747
0.447663877 0.465742153
0.465753607 0.508986756
0.508999048 0.537940714
0.537949095 0.56203875
0.562051601 0.585725279
0.585737851 0.60523111
0.60524424 0.651766354
0.651791776 0.680811667
0.6808234 0.704021599
0.704028862 0.729067241
0.729077019 0.748627548
0.748640119 0.796600963
0.796612976 0.821705829
0.821730693 0.846601732
0.846608716 0.868638331
0.868645315 0.886840925
0.886876404 0.939588969
0.939600423 0.959819194
0.959833162 0.977687666
0.977697165 0.997655846
0.997663947 1.041631267
1.041644956 1.070209201
1.070220376 1.093809966
1.093822817 1.116596101
1.116605879 1.143300894
1.143308158 1.194017954
1.194031642 1.218170743
1.218182755 1.241624004
1.241635458 1.257123461
1.25713687 1.278902763
1.278915055 1.325653678
1.325660382 1.35627852
1.356290254 1.377157989
1.377170002 1.396599007
1.396610182 1.417008585
1.417016687 1.459210596
1.459222609 1.483315058
1.483321763 1.495992645
1.49600354 1.516879658
1.516892229 1.538434074
1.538442734 1.577651069
1.577663361 1.598284139
1.598290843 1.617303035
1.617315886 1.644188297
1.644199472 1.658552971
1.658573644 1.695818881
1.695825865 1.723722707
1.72373025 1.7453302
1.74534361 1.763968883
1.763982293 1.786365304
1.786373126 1.836721705
1.836729527 1.860016845
1.860028858 1.877253951
1.877265126 1.893576417
1.893583401 1.934993972
1.93500822 1.956164818
1.956179344 1.982159184
1.982166168 1.997582372
1.997595223 2.020610999
2.020623011 2.061868476
2.061881048 2.087254943
2.087268911 2.104014616
2.104023555 2.122759175
2.122768953 2.140633515
2.14064441 2.176979475
2.176988135 2.196965815
2.196973358 2.217848077
2.217860648 2.23655241
2.236564702 2.276984085
2.276993863 2.307490197
2.307502489 2.326833437
2.32684517 2.346343738
2.346357147 2.370999385
2.371012795 2.406152456
2.406164469 2.429870554
2.429881449 2.452648589
2.452657529 2.46907442
2.469081125 2.51106607
2.511078362 2.533456346
2.533464727 2.550420791
2.550428334 2.574617722
2.574628059 2.608260265
2.608273396 2.642826393
2.642838964 2.661931332
2.661941389 2.688983655
2.688996226 2.727273995
2.727284611 2.753572311
2.753583485 2.767289416
2.767301708 2.800310374
2.800323504 2.82468861
2.824695315 2.863877671
2.863892477 2.897215986
2.897229954 2.919471606
2.919478311 2.944932665
2.944945795 2.988353268
2.988364722 3.007843174
3.007849879 3.028094352
3.02810832 3.048359217
3.04836648 3.067572274
3.067585125 3.102820329
3.102830666 3.130464903
3.13047915 3.147622113
3.147635522 3.170272476
3.170285607 3.211633878
3.211640583 3.238266315
3.238273019 3.254196271
3.254203255 3.272245773
3.272252478 3.314422362
3.314436051 3.348051496
3.348999103 3.367528554
3.367540567 3.386964543
3.386977393 3.408656127
3.408667022 3.441466162
3.441473147 3.463272006
3.463280387 3.480149291
3.480156275 3.496287097
3.496296316 3.53711128
3.537118823 3.565296705
3.56530341 3.590143996
3.590152657 3.609795098
3.60980264 3.651931737
3.651944867 3.678182281
3.678195132 3.70028509
3.700412481 3.719695658
3.719708508 3.739718036
3.73972949 3.77860929
3.77862242 3.805916114
3.80592673 3.823202388
3.823217194 3.83813613
3.838148701 3.859370394
3.859377099 3.892839731
3.892846715 3.915277221
3.915284763 3.932275189
3.932283849 3.951141554
3.951154126 3.992706054
3.992718625 4.022528281
4.022538897 4.037769882
4.037781895 4.055973034
4.055984767 4.086164861
4.086177153 4.128655735
4.128664116 4.157605504
4.157681492 4.180063665
4.180070929 4.19902697
4.199033675 4.237103038
4.23711086 4.267480642
4.267492654 4.287375629
4.287383731 4.305642753
4.305650855 4.32518183
4.325193843 4.365776933
4.365788666 4.391984455
4.391995629 4.412921193
4.414410209 4.434425324
4.434452981 4.474915386
4.474929075 4.502979009
4.502985713 4.531318923
4.531331773 4.557064933
4.55707974 4.585178841
4.585190295 4.623160484
4.623172217 4.65015274
4.650164753 4.668657328
4.668671017 4.705907313
4.705919884 4.767305341
4.767320706 4.802994514
4.803007923 4.830950021
4.830960637 4.856886837
4.856893821 4.877003639
4.877010344 4.923554248
4.923567937 4.951339066
4.95134577 4.967445023
4.967453963 4.98214689
4.982153595 5.028182351
5.028190732 5.050907585
5.050922112 5.072928262
5.072938878 5.097339464
5.097347565 5.132969133
5.132976118 5.178432453
5.178443348 5.216263238
5.216271898 5.237681883
5.237695572 5.273215169
5.273228578 5.296573726
5.296586297 5.333313589
5.333327278 5.368236184
5.368250711 5.40585102
5.405864151 5.428126758
5.428135697 5.440106214
5.440117109 5.488513203
5.488522701 5.521382186
5.521395595 5.557739599
5.557753568 5.589802613
5.589814625 5.6379998
5.638011813 5.667303245
5.667315816 5.705004684
5.70501977 5.724522529
5.724532586 5.783869735
5.783882027 5.817383772
5.817396065 5.850957313
5.850965694 5.87289781
5.87291094 5.917351505
5.917364635 5.940801134
5.940810353 5.964237632
5.964244336 5.985368251
5.985378308 6.001993827
6.002000252 6.025568332
6.025575596 6.082275538
6.082283919 6.12184649
6.121860738 6.157860843
6.157877326 6.198034663
6.198047793 6.238847394
6.238860245 6.262050062
6.262056767 6.29109342
6.291100684 6.308787846
6.308794271 6.359975637
6.359988208 6.388472276
6.388485406 6.413193574
6.413204469 6.441347152
6.441355533 6.467810572
6.467817556 6.51969035
6.519697893 6.548128042
6.548138379 6.573341583
6.573353037 6.599705268
6.599716722 6.621975695
6.621989664 6.669809149
6.669823118 6.706279706
6.706293674 6.731472854
6.731486822 6.766095688
6.766107142 6.832956142
6.832964802 6.865639904
6.865648005 6.886184415
6.886191679 6.904048698
6.904062945 6.94585401
6.94586742 6.981626153
6.981639004 7.000836138
7.000842843 7.017288229
7.017294934 7.038979812
7.038988751 7.066833912
7.06684788 7.107310005
7.107316989 7.123222364
7.123229627 7.145363723
7.145377412 7.166012997
7.166073339 7.189488607
7.189502296 7.234358275
7.234370288 7.274043487
7.274059411 7.298620911
7.298728187 7.329293526
7.329307215 7.392694322
7.392709128 7.41734885
7.41735779 7.440291153
7.44030121 7.456355764
7.456363866 7.512295276
7.512303377 7.540137082
7.540145463 7.5625092
7.562521492 7.592656047
7.592705495 7.642864663
7.642871927 7.673582814
7.673597621 7.700608035
7.700619489 7.721517398
7.721528014 7.772543437
7.772556846 7.790972873
7.790985165 7.812222223
7.812236749 7.844263445
7.844276296 7.871233073
7.871245924 7.914458399
7.914471529 7.93161058
7.931624828 7.957903865
7.957910849 7.998255362
7.998266816 8.023041754
8.023055442 8.045791851
8.04580554 8.066810724
8.066822457 8.085677088
8.085683793 8.131284841
8.131299088 8.155134519
8.155146252 8.182043525
8.182057494 8.200184658
8.200198906 8.214620571
8.214631746 8.258216336
8.25822751 8.289374206
8.289382866 8.319644813
8.319657943 8.360419269
8.360431281 8.411780825
8.411793676 8.45150822
8.451521909 8.485331792
8.485342966 8.514777715
8.514790565 8.576657087
8.576674129 8.623358833
8.623369169 8.657386899
8.66251744 8.725752572
8.725769055 8.762012208
8.762028411 8.80040843
8.80042603 8.838684244
8.838697374 8.887608059
8.887619513 8.908701802
8.908709066 8.925569588
8.925576014 8.952233591
8.95224309 9.00047436
9.000481344 9.045849959
9.045862531 9.069488997
9.069497098 9.094236556
9.094243261 9.122819798
9.122833766 9.173011931
9.173023944 9.209410412
9.209417675 9.233425475
9.233432459 9.255254506
9.255264004 9.279042168
9.279049431 9.303175959
9.303188531 9.33999768
9.340006899 9.371244667
9.371253607 9.404426538
9.404439947 9.431625526
9.431634186 9.469973415
9.469985986 9.501057814
9.501065078 9.522729562
9.522737664 9.545438036
9.545446696 9.563922786
9.563935917 9.587148924
9.587162334 9.636320815
9.636329196 9.66115358
9.661166431 9.688121253
9.68813578 9.719424394
9.719436407 9.74788695
9.747895051 9.792193977
9.792206828 9.822793678
9.822801779 9.84571279
9.845724523 9.870588857
9.870596959 9.888243057
9.888250041 9.931837704
9.931854745 9.961806595
9.9618133 9.990468339
9.990480352 10.003662195
10.003687338 10.019567288
10.019574831 10.061449148
10.061481833 10.083317291
10.083327068 10.097904061
10.097910766 10.118454717
10.118461701 10.150933706
10.15094544 10.198741458
10.19875822 10.227816382
10.227825601 10.251630862
10.251643992 10.276497429
10.276509163 10.311194577
10.311207428 10.351034556
10.351048804 10.386581533
10.386593546 10.410116367
10.41012391 10.433884471
10.433897043 10.473324959
10.473344515 10.497562956
10.497573013 10.525795873
10.525848393 10.550310163
10.550319382 10.573986635
10.574000883 10.625636217
10.625647391 10.655616843
10.655629135 10.674500807
10.674513379 10.702980684
10.702993814 10.727430998
10.727441055 10.765135791
10.765143892 10.788262472
10.788269736 10.812049015
10.812055999 10.853971661
10.85398088 10.904749902
10.904763591 10.929210275
10.929223964 10.947383254
10.947391635 10.971186281
10.971193824 11.029212927
11.029222705 11.053883103
11.053895116 11.084640923
11.084649024 11.111996354
11.112071782 11.162114456
11.16212144 11.188085355
11.188097926 11.211100292
11.211111746 11.240523583
11.240532243 11.265009098
11.265023625 11.317280546
11.317288088 11.367577441
11.367585543 11.404428213
11.404443299 11.427092548
11.427106516 11.478545734
11.47855216 11.524009613
11.52402414 11.561509909
11.56152248 11.597894423
11.597908671 11.655003356
11.655015089 11.685239603
11.685252453 11.719263759
11.719274096 11.750968626
11.750977845 11.802255871
11.802264531 11.842081044
11.842093615 11.87221141
11.872222864 11.891814181
11.891821724 11.956615712
11.956622975 11.990592098
11.990601038 12.015578234
12.015588291 12.028479316
12.028491887 12.087586547
12.087595208 12.12250188
12.122509702 12.153751662
12.153768703 12.19228561
12.192300416 12.250050772
12.250059432 12.263416437
12.26342817 12.284408771
12.284417431 12.321088293
12.321098908 12.347991432
12.348002606 12.390516389
12.390527563 12.410354106
12.41036556 12.428311697
12.428321196 12.451360714
12.451372168 12.499277139
12.499286358 12.520566717
12.520579009 12.532686973
12.532700104 12.564068615
12.564075879 12.602636086
12.602680226 12.650272588
12.650284321 12.68604557
12.686055906 12.723800089
12.723808191 12.775573988
12.775581531 12.812490691
12.812497675 12.848691381
12.848703673 12.876643537
12.876651918 12.922709448
12.922716711 12.964996945
12.965010075 12.998841192
12.998854043 13.023802743
13.023811124 13.078233963
13.078247093 13.101533851
13.101541953 13.141478593
13.14149284 13.164101022
13.164109124 13.211318755
13.211330767 13.233199468
13.233208128 13.252091814
13.252098799 13.267754418
13.267766431 13.284268808
13.28427691 13.343943152
13.343955723 13.377365835
13.377374495 13.403298462
13.403308519 13.429504306
13.42951576 13.473129403
13.473138064 13.500515007
13.500521433 13.520622031
13.520629295 13.543235801
13.543243623 13.580334369
13.580345823 13.621332317
13.62134433 13.649503216
13.64951048 13.67468407
13.67469301 13.700700227
13.700708608 13.756158113
13.756171523 13.796828924
13.796843451 13.834997461
13.83501143 13.858365236
13.85837697 13.912617383
13.912630513 13.945893678
13.945906529 13.978937266
13.978946764 14.001508009
14.001518066 14.053587254
14.053605133 14.084446485
14.084459056 14.110302563
14.110311223 14.139818326
14.139825589 14.185469937
14.185479715 14.216695137
14.216703518 14.244403127
14.244499508 14.269250697
14.269261033 14.323583581
14.323590286 14.344946631
14.344953615 14.372492032
14.372503765 14.394153723
14.394162942 14.419856432
14.419869842 14.465712819
14.46572986 14.506500125
14.506512138 14.54685749
14.546870341 14.578875804
14.578883906 14.612558576
14.612598525 14.647756345
14.64776724 14.670163105
14.670174559 14.690529938
14.69054223 14.717469117
14.717482806 14.779708312
14.779720045 14.798196975
14.798209267 14.829972241
14.829983695 14.854584868
14.854596322 14.880211029
14.880217733 14.927338247
14.927346349 14.96565932
14.96567273 14.9931779
14.993184884 15.013353929
15.013364824 15.069677568
15.069689302 15.100689051
15.100696594 15.123747288
15.123756787 15.158123445
15.158134899 15.196613534
15.196626385 15.232029488
15.232040942 15.266082976
15.266091357 15.303403362
15.303410905 15.329908128
15.329921258 15.378148896
15.378157277 15.414082233
15.414090055 15.434303798
15.434310224 15.456226417
15.456234518 15.502481737
15.502496264 15.535881792
15.535893246 15.58461089
15.584622903 15.620477181
15.620489752 15.674215854
15.674228426 15.709650805
15.709663376 15.731640191
15.731652483 15.761002861
15.761017109 15.797186511
15.797199641 15.8468702
15.846882771 15.879532451
15.879544743 15.920526767
15.920539618 15.970722533
15.970733428 15.998806549
15.998814371 16.022106438
16.022115378 16.061797516
16.061812043 16.113087834
16.113101523 16.146075546
16.14608225 16.182435474
16.182446369 16.214584252
16.214591515 16.265050722
16.265058265 16.292571819
16.292579082 16.313112137
16.313121636 16.346724232
16.346737083 16.3955282
16.395593013 16.427703237
16.427714691 16.444065374
16.444073755 16.477765187
16.477772171 16.534012001
16.534023734 16.569180716
16.569187701 16.598749838
16.598756543 16.636620015
16.636628676 16.69476651
16.69477992 16.727510057
16.727521231 16.764401897
16.764414747 16.802798398
16.80280622 16.85385293
16.853937578 16.889776212
16.889782916 16.904359908
16.904367171 16.924849943
16.924858045 16.961702113
16.961710214 17.000472404
17.000480226 17.027866667
17.027878679 17.055223496
17.05523076 17.095522194
17.095536721 17.145286338
17.145295278 17.17275268
17.17276134 17.197967056
17.197977952 17.229988165
17.230002413 17.2551165
17.255196678 17.304670005
17.304676709 17.344068587
17.344076968 17.385487538
17.385495081 17.425249296
17.425259912 17.47469301
17.474706419 17.50065413
17.50066279 17.538987214
17.538996153 17.61005742
17.610064684 17.649345653
17.649353475 17.686319347
17.68633108 17.728161816
17.728174108 17.776221556
17.776269327 17.80527413
17.805282231 17.829681423
17.829692039 17.857148881
17.85715782 17.901360644
17.901367349 17.93084037
17.930852103 17.944980992
17.944994123 17.95927387
17.959280016 17.974873899
17.974883956 18.02155497
18.021561955 18.057024562
18.057032384 18.081866826
18.081880794 18.113516099
18.11352895 18.146490403
18.146501577 18.171886646
18.171899218 18.21441328
18.214427807 18.234948293
18.234960027 18.252521477
18.252530417 18.298248796
18.298263044 18.328428888
18.328436431 18.357420004
18.357434252 18.378915193
18.378923574 18.427940699
18.427955226 18.450987483
18.451000334 18.467293466
18.46730045 18.483988045
18.484000617 18.504230842
18.504240061 18.545552016
18.545560397 18.572290609
18.572303739 18.585031056
18.585043348 18.606458917
18.606471768 18.633201144
18.633212878 18.659510074
18.659517617 18.698307183
18.698319196 18.72291059
18.722920926 18.746405196
18.746414415 18.798716315
18.79872749 18.827118807
18.827129981 18.856646581
18.856654682 18.874575117
18.874582939 18.913754118
18.913760823 18.945895076
18.945908206 18.97084657
18.9708597 18.995784657
18.9957922 19.041652497
19.041665906 19.066154774
19.066166786 19.094944465
19.094959831 19.117588685
19.117595948 19.146326135
19.146340383 19.195108872
19.195116974 19.218238069
19.218247288 19.25272681
19.252739102 19.279242749
19.279252248 19.330607657
19.33061967 19.360588841
19.360601971 19.389712656
19.3897283 19.420141104
19.420229383 19.46597961
19.465986874 19.491050676
19.491062409 19.519556252
19.519571059 19.546111583
19.546119685 19.570136703
19.570150112 19.611870501
19.61188419 19.643047646
19.643063291 19.674487116
19.674500805 19.703990309
19.704059591 19.754254239
19.754267648 19.781607714
19.781616933 19.809360964
19.809374652 19.829976431
19.829987047 19.877802062
19.877814355 19.896389342
19.896396326 19.918275085
19.918287098 19.941702642
19.941714376 19.984681848
19.98468995 20.017338234
20.017345777 20.04630169
20.0463151 20.073443689
20.073455981 20.114907059
20.114919351 20.148662187
20.148670009 20.174338355
20.174348412 20.202341915
20.202350854 20.226214221
20.226220926 20.275928082
20.275944005 20.299617406
20.299628022 20.327431554
20.327438539 20.359361871
20.359369414 20.408656683
20.408666182 20.435626591
20.435641118 20.455945654
20.455954314 20.473262101
20.473270203 20.50418726
20.50429733 20.549275113
20.54928936 20.578577441
20.578588337 20.60612759
20.606142955 20.646189106
20.646197207 20.699265127
20.699278816 20.735195392
20.73520964 20.767289695
20.767302825 20.798188873
20.798197254 20.841657804
20.841669258 20.872039041
20.872051333 20.890967424
20.890978878 20.912584977
20.912593078 20.943838389
20.943851799 20.993232096
20.993253608 21.007481953
21.007490334 21.034521702
21.034533994 21.051646225
21.051658796 21.110835871
21.110848721 21.133395163
21.133406617 21.174074914
21.174082457 21.200621304
21.200638346 21.237615391
21.237632153 21.286064286
21.286072667 21.312173471
21.312184086 21.343453146
21.343465438 21.363572182
21.363585871 21.419342957
21.419351059 21.446913781
21.446926352 21.461978263
21.461990276 21.493236986
21.493250675 21.538600572
21.538612306 21.56948215
21.569495001 21.603701864
21.603714994 21.625883732
21.625896862 21.653543394
21.653555127 21.702351272
21.702366917 21.741709905
21.741784216 21.766785161
21.766797174 21.789281035
21.789289137 21.816488405
21.816498463 21.866572423
21.866636398 21.890457582
21.890469874 21.901942283
21.901951502 21.925300558
21.925308101 21.972043929
21.972054265 22.009386105
22.009393368 22.037109462
22.037122033 22.058496536
22.058503799 22.093039474
22.093048414 22.143335531
22.143346705 22.171658965
22.171666228 22.199044566
22.199058814 22.223384533
22.223397663 22.248131813
22.24814159 22.373680729
22.373693579 22.397345749
22.397354129 22.42011149
22.420119033 22.439140726
22.439148548 22.460774479
22.460783139 22.505074523
22.505092682 22.524231149
22.524242603 22.538941398
22.538957042 22.559867801
22.559905515 22.611988392
22.612000405 22.658875915
22.658893515 22.695170192
22.695183322 22.717530576
22.717538399 22.768740437
22.768749097 22.797340719
22.797356363 22.833103366
22.833113423 22.859443304
22.859459787 22.906164326
22.906178295 22.943770783
22.943782796 22.967974977
22.967985313 22.993346915
22.993358648 23.030927671
23.03094108 23.071256259
23.071267713 23.103374028
23.103387716 23.131225614
23.131235392 23.157039508
23.157053476 23.210276163
23.21028594 23.233997054
23.234007391 23.256608588
23.256621439 23.269889046
23.269904131 23.280340374
23.280347637 23.332362628
23.332375759 23.360330429
23.360342163 23.389884464
23.389897036 23.415155554
23.415168125 23.449933717
23.44994992 23.481657022
23.481668476 23.513165497
23.513174437 23.546732613
23.54674714 23.574546202
23.574557377 23.624908469
23.624920203 23.653974453
23.653989539 23.681639982
23.681651994 23.71958
23.719594806 23.74563331
23.74564197 23.794435043
23.794448173 23.831588927
23.831602336 23.858859713
23.858866697 23.877674951
23.877682214 23.932836431
23.932849281 23.970502672
23.970514126 23.998962434
23.998974447 24.021630398
24.0216385 24.049754365
24.049762187 24.099418777
24.099425482 24.139172713
24.139185843 24.176387219
24.17639979 24.207169902
24.207182473 24.254934353
24.254946086 24.281453365
24.281465098 24.316757014
24.316768747 24.354844815
24.354851241 24.387937011
24.387950421 24.420122665
24.420135516 24.45236531
24.452388218 24.476826241
24.476834064 24.507243794
24.507251057 24.561415483
24.561422467 24.599788516
24.599802205 24.635439416
24.635451149 24.663950582
24.663963992 24.689112439
24.689127246 24.753327304
24.753335964 24.779087842
24.779101531 24.820382195
24.8203889 24.844925818
24.844932522 24.890258394
24.890271245 24.915475846
24.915488138 24.943038287
24.943046389 24.970405173
24.970421655 24.993068389
24.993075373 25.053746491
25.053753755 25.083541061
25.083552515 25.113642372
25.113654664 25.133720902
25.133731798 25.169053326
25.16906478 25.211806804
25.211818537 25.252131761
25.252139304 25.290408412
25.290421822 25.328838997
25.328851847 25.378594482
25.378607333 25.409437788
25.409451198 25.431014831
25.431026005 25.452317539
25.452324803 25.476617275
25.47662398 25.508010372
25.508017356 25.536723796
25.53673525 25.578500336
25.578513187 25.615641928
25.615653382 25.652279825
25.652354416 25.703024543
25.703035997 25.728350945
25.728361841 25.752286949
25.752297565 25.779549632
25.779562762 25.825319974
25.825333104 25.868025681
25.868040488 25.890346674
25.890355893 25.908131337
25.908145864 25.955940206
25.955953616 25.994304858
25.994313239 26.023583441
26.023596571 26.063715915
26.063729604 26.100112719
26.100130878 26.136785536
26.136795034 26.176236919
26.176254519 26.206548314
26.206556695 26.251940676
26.251948219 26.290547537
26.290554801 26.313337864
26.313344289 26.341099213
26.341105639 26.369234074
26.369245528 26.414488429
26.414497089 26.443408028
26.44342004 26.458589005
26.458595989 26.484893188
26.484908553 26.53963087
26.539643721 26.578055586
26.578072348 26.616742069
26.616759389 26.660623902
26.660636474 26.719784215
26.719792875 26.760988055
26.761004258 26.787844539
26.787921923 26.827041422
26.827053993 26.865207445
26.865220575 26.90785225
26.907860072 26.925260329
26.925272621 26.939994604
26.940002426 26.960165044
26.960172587 27.019612823
27.01962288 27.056125564
27.05613199 27.079179333
27.079187714 27.102904975
27.102911959 27.144774541
27.144785157 27.171965985
27.171977439 27.199156313
27.199163856 27.221798297
27.221809751 27.256432866
27.256445717 27.284340044
27.284347586 27.321214283
27.321221547 27.343533043
27.343547011 27.36274554
27.362758391 27.410310523
27.410322815 27.438822529
27.438831189 27.458307964
27.458314948 27.472824894
27.472832995 27.489163284
27.48917362 27.538908712
27.538919607 27.560674606
27.560682708 27.58536266
27.585374952 27.599969545
27.600043577 27.649433653
27.649444548 27.679227941
27.679241909 27.703623501
27.703660377 27.734076532
27.734084354 27.763441998
27.763450379 27.805860237
27.805867221 27.829683378
27.829693714 27.850681855
27.850695265 27.865752486
27.865762264 27.904469138
27.904476122 27.933341245
27.933348508 27.960248574
27.96026366 27.983147296
27.98315875 28.030178691
28.030190424 28.063715635
28.063723737 28.086633073
28.086674141 28.11173766
28.111745762 28.139179137
28.139193385 28.185099219
28.185107041 28.211039109
28.211046931 28.230167516
28.230175618 28.245296814
28.245305195 28.288492807
28.288503981 28.316680187
28.316693317 28.3411495
28.341192801 28.359661907
28.35967364 28.38620299
28.386216959 28.426361725
28.426373179 28.443062173
28.443070274 28.462488385
28.462499001 28.477436931
28.477443915 28.527014741
28.52702843 28.558608981
28.55862239 28.584250507
28.58426224 28.606089596
28.606096859 28.631097803
28.631106463 28.675095574
28.675105631 28.708328567
28.708343374 28.735342896
28.735356585 28.764411952
28.764420054 28.812232555
28.812244009 28.84007995
28.840091125 28.865710301
28.865717844 28.884711042
28.884723892 28.901316224
28.901327398 28.942795519
28.942805576 28.963732536
28.963744828 28.985479435
28.98549033 29.009193063
29.009200047 29.05024884
29.0502575 29.076893007
29.07690502 29.097882547
29.097891208 29.117311554
29.117322729 29.137862209
29.137876457 29.18660332
29.186612539 29.208546612
29.208559742 29.237557561
29.237564546 29.26318568
29.263197692 29.287217226
29.287230915 29.335638464
29.335646007 29.365903483
29.365910188 29.384995854
29.385009822 29.407115146
29.407125762 29.430191542
29.430202437 29.470720157
29.470728258 29.488600083
29.488608184 29.511142613
29.511154067 29.533122501
29.533137307 29.588509149
29.588522558 29.609895387
29.609907679 29.637687466
29.637757028 29.678239828
29.678249047 29.719914678
29.719922221 29.760417311
29.760425133 29.784574293
29.784586305 29.812857774
29.81287705 29.852287646
29.852303849 29.889943829
29.889958077 29.920344061
29.920354397 29.93896654
29.938974363 29.974489489
29.974497312 30.029015134
