0.017546086 0.076926539
0.07695252 0.09627313
0.096287378 0.113984879
0.114000524 0.158594179
0.158608147 0.180087694
0.180103059 0.200602311
0.200610692 0.217343825
0.21735947 0.241312234
0.241327599 0.275581954
0.275589497 0.294703098
0.294721816 0.309575101
0.309590187 0.325613451
0.325620435 0.36586745
0.365878904 0.392686502
0.392700191 0.406513677
0.406532395 0.42735208
0.427359623 0.446867689
0.446875791 0.483946704
0.483965701 0.503952039
0.503959302 0.520634887
0.520641871 0.536769897
0.536779395 0.575061635
0.575075324 0.608736028
0.608795813 0.628463115
0.628479039 0.646495017
0.646510102 0.684226349
0.684243669 0.713238415
0.713287863 0.731884081
0.731936602 0.746076387
0.746149021 0.767572975
0.767580517 0.800987277
0.801004598 0.82397707
0.823984334 0.845838229
0.845845772 0.862852961
0.862866091 0.905529614
0.905545259 0.929249109
0.929256932 0.943878343
0.9438884 0.960698357
0.960705341 1.001249321
1.001262731 1.026801173
1.026810671 1.04783094
1.047844629 1.06199112
1.062006485 1.082498194
1.082506016 1.119600955
1.119610174 1.139828945
1.139839561 1.161504605
1.161519132 1.178000557
1.178015363 1.219850568
1.219863419 1.245662508
1.24567033 1.265091235
1.265107158 1.281377103
1.281392748 1.312981959
1.312998162 1.349443296
1.349471233 1.371429888
1.371440225 1.39128353
1.391297219 1.413841983
1.413856789 1.450608947
1.450619562 1.468944517
1.468959324 1.489963391
1.489991886 1.506939569
1.506956331 1.520568677
1.520581807 1.567678295
1.567691984 1.58197229
1.581988214 1.60006174
1.600081296 1.618881171
1.618892625 1.637142431
1.637152208 1.682111275
1.682131109 1.704255988
1.704266325 1.727481007
1.727488829 1.746490965
1.746500743 1.770387299
1.770401267 1.809191392
1.80920117 1.827125516
1.827142836 1.846980832
1.846997594 1.860082497
1.86009898 1.91565632
1.915670288 1.931961744
1.931969566 1.949702547
1.949709811 1.967122916
1.967131018 1.98632899
1.986345752 2.026526836
2.026542201 2.055498395
2.055514039 2.070339947
2.070355591 2.089999707
2.090007808 2.130662975
2.130679178 2.16073691
2.16074557 2.183419401
2.183436443 2.202867684
2.202881094 2.220546466
2.220554289 2.271572784
2.271586473 2.299491695
2.29950706 2.318555571
2.318572613 2.335337871
2.335355192 2.362032047
2.36203959 2.405556294
2.405566351 2.423786542
2.423799951 2.441615905
2.441629314 2.456577024
2.456584008 2.499348381
2.49936626 2.530891776
2.530902951 2.548386177
2.548393161 2.566452441
2.56646138 2.587825547
2.587838957 2.637705631
2.637721834 2.658520007
2.658528388 2.676877369
2.676893014 2.697197549
2.697215149 2.720699419
2.720707521 2.761610205
2.76162138 2.781630626
2.781646271 2.801325029
2.801335925 2.816170212
2.816183343 2.842274647
2.84229085 2.87771267
2.87772608 2.896507798
2.896534058 2.916270923
2.916285171 2.936005554
2.936013656 2.960757024
2.960774065 3.000477994
3.000494756 3.020449248
3.020472994 3.033582201
3.033596169 3.051043639
3.051057327 3.061536872
3.061552237 3.115811647
3.115829247 3.13663692
3.136653961 3.156717684
3.156728021 3.178303668
3.178319591 3.199844673
3.199854171 3.247590126
3.247604094 3.267647704
3.267665304 3.285392976
3.285405827 3.305354173
3.305367862 3.341005631
3.341018482 3.373022269
3.373029812 3.390830679
3.390846323 3.406988319
3.406997538 3.423724244
3.423732066 3.4708442
3.470851463 3.49890391
3.498911732 3.519437527
3.519444511 3.533311637
3.533328399 3.576738384
3.576745927 3.605559367
3.605576408 3.624968815
3.624982225 3.646047753
3.646063676 3.664644249
3.664662687 3.705784674
3.705799759 3.734314558
3.73433104 3.746333961
3.746341225 3.760738306
3.760749202 3.782612316
3.782627681 3.822145833
3.822153655 3.851298978
3.851308477 3.871636758
3.871648492 3.894403619
3.894417866 3.940684082
3.940699168 3.966347399
3.966363602 3.985538945
3.985547047 4.009664357
4.009680839 4.059054992
4.05906449 4.07757215
4.077586956 4.094073688
4.094080952 4.112705666
4.112714047 4.138978278
4.13899504 4.171416757
4.171431843 4.190788774
4.190798552 4.211250312
4.211259252 4.228122569
4.228139331 4.249208209
4.249217708 4.286887301
4.286902387 4.30817129
4.308210681 4.323411496
4.323423788 4.339058455
4.339076055 4.373789407
4.373803934 4.397786591
4.397803632 4.415228751
4.415236573 4.439269237
4.439278177 4.462057607
4.462071017 4.510563214
4.510572712 4.535358266
4.535365529 4.548227498
4.548236158 4.561226916
4.561243957 4.589909331
4.589916595 4.617798073
4.61781288 4.640747637
4.640756018 4.661513406
4.661521228 4.676482905
4.676499946 4.69173624
4.691745459 4.738929669
4.740592171 4.764083145
4.764093481 4.78003182
4.78004523 4.79823078
4.7982481 4.839218392
4.839233757 4.873142537
4.873153153 4.894189625
4.894197726 4.913830111
4.913842124 4.932164004
4.932180486 4.975751387
4.975769267 4.995918476
4.995926019 5.013981106
5.013988649 5.031635306
5.031645922 5.087747744
5.087755008 5.105610071
5.105625436 5.126845451
5.12686361 5.148977873
5.148989327 5.190811123
5.190824812 5.213017855
5.213025119 5.232168334
5.232214151 5.255005594
5.255018166 5.291111301
5.291127784 5.331987725
5.332004487 5.361731729
5.3617443 5.397271441
5.397287086 5.421347965
5.421364727 5.475325216
5.475339743 5.515771417
5.515786782 5.531667014
5.531674557 5.546355752
5.546371117 5.594216583
5.594227199 5.611117614
5.611125716 5.636813896
5.636821439 5.658458268
5.658465811 5.675161228
5.675171844 5.718760065
5.718773196 5.737211853
5.737230011 5.758771855
5.758786661 5.779997737
5.780005559 5.82083114
5.820843711 5.860458522
5.860472211 5.883354169
5.883367579 5.908559608
5.90857637 5.924238416
5.924299317 5.963973634
5.963986764 5.985416582
5.985437255 6.01050748
6.010516699 6.031339459
6.031354265 6.069047044
6.069061291 6.105325957
6.105342998 6.12913848
6.129152169 6.155048756
6.155155474 6.174791768
6.174804619 6.22447462
6.224491941 6.247230305
6.24724567 6.268040491
6.268056974 6.295247579
6.295326919 6.310856547
6.310865487 6.35213414
6.352147549 6.370510498
6.370525863 6.385084696
6.385100061 6.401506058
6.40151388 6.441915942
6.441928514 6.467392643
6.467406332 6.489194577
6.489209384 6.505468432
6.505488267 6.532564056
6.532582215 6.569690003
6.569699502 6.599280355
6.59929572 6.620487241
6.62050121 6.642156475
6.642167649 6.684158461
6.684172429 6.704986249
6.7049991 6.725318162
6.725333527 6.74619819
6.746209085 6.76356129
6.76357442 6.807020725
6.807038325 6.829965261
6.829980626 6.851898774
6.851908552 6.871276098
6.871614409 6.891240646
6.89125657 6.938080397
6.938094086 6.955234255
6.955242077 6.971555882
6.971566218 6.99438085
6.994397053 7.032696893
7.032705553 7.046591397
7.046604806 7.062851004
7.062858267 7.079658727
7.079665712 7.121124612
7.121137463 7.138349986
7.13836116 7.158003601
7.158015893 7.175033699
7.175041521 7.191947858
7.191960988 7.236583141
7.236592081 7.256867005
7.256875106 7.273927831
7.273943754 7.291998843
7.292012812 7.341890101
7.34190826 7.363370204
7.363383335 7.384169776
7.384177598 7.404242718
7.404251657 7.449157085
7.449170495 7.473364911
7.473378879 7.4905833
7.490958208 7.508027138
7.508044458 7.522821196
7.522828459 7.556587499
7.556596439 7.579144556
7.579151819 7.597909791
7.597919569 7.61654903
7.616558529 7.656366381
7.656381467 7.676889941
7.676905865 7.691011287
7.691024417 7.713921742
7.713935431 7.765391412
7.765409571 7.784159998
7.784174245 7.807978109
7.808018897 7.823804701
7.823819787 7.842658495
7.84267386 7.887962576
7.887970119 7.906938172
7.906952419 7.924907496
7.92492342 7.944751637
7.944759738 7.989624938
7.989639185 8.009413208
8.009428853 8.024696155
8.02471152 8.046284933
8.046302812 8.089807224
8.089820634 8.108494515
8.108510998 8.123085476
8.123107825 8.143183282
8.143192781 8.16008934
8.160103588 8.208262223
8.208269766 8.231805997
8.231821083 8.25322967
8.253243639 8.27331211
8.273324961 8.319627773
8.319636154 8.347669606
8.347685251 8.364463919
8.364479004 8.381841826
8.381851045 8.4240606
8.424070098 8.443338747
8.443351598 8.460383932
8.460398459 8.477455934
8.477465992 8.514777158
8.514792523 8.545190241
8.545206164 8.560753393
8.560765126 8.573820973
8.57383103 8.596545372
8.596555988 8.640634215
8.640642596 8.660645975
8.660653798 8.677034651
8.677144721 8.695800443
8.695815529 8.737835115
8.737849922 8.764016097
8.764025037 8.794250666
8.794275808 8.808832688
8.808848053 8.826990021
8.827072434 8.881584112
8.881599198 8.898243772
8.898251315 8.914200827
8.91421703 8.93076634
8.93077975 8.973789965
8.973803375 8.994167693
8.994181382 9.007741207
9.007750426 9.024294987
9.024306441 9.065998054
9.066005038 9.094371771
9.094381269 9.108283316
9.108297563 9.129005222
9.129021705 9.146699092
9.146714178 9.186060799
9.18606918 9.212023036
9.212030299 9.231336944
9.23134728 9.249589822
9.249604907 9.298541574
9.298553028 9.31832733
9.318339063 9.341253427
9.341266557 9.362230116
9.36224576 9.404558959
9.404577676 9.423631494
9.423644625 9.437595002
9.437610646 9.457120108
9.457146368 9.495188353
9.495231376 9.522781248
9.522791305 9.536991153
9.5370054 9.552801823
9.552808807 9.586929623
9.586944988 9.612161322
9.612174452 9.630997235
9.631011483 9.645204908
9.645219993 9.674371184
9.67438152 9.707051593
9.707066399 9.724885146
9.7248966 9.7411509
9.741164868 9.757548794
9.757556616 9.8019888
9.802003048 9.827516625
9.827533666 9.848982762
9.848998127 9.86430091
9.864310408 9.885840518
9.885851134 9.930650124
9.930666607 9.946096781
9.946111867 9.96067014
9.960684947 9.981219681
9.981235046 10.024090212
10.024105577 10.044564322
10.044576335 10.060958586
10.060966129 10.078605799
10.078613342 10.127939443
10.127952015 10.144358012
10.144370584 10.161539804
10.161547626 10.178013127
10.178027095 10.218176332
10.218184154 10.250618164
10.250635764 10.27213766
10.272149672 10.289569763
10.289584849 10.310861576
10.310878058 10.361012084
10.361029684 10.38082773
10.380841698 10.399517816
10.399528152 10.420461818
10.420472434 10.467100706
10.467117468 10.49571384
10.495724456 10.515215481
10.515227214 10.534683319
10.5347445 10.579209927
10.579219984 10.597991085
10.598001701 10.619045157
10.619055494 10.636552411
10.636568055 10.658737912
10.658748528 10.694361993
10.694371771 10.717090579
10.717097843 10.73467382
10.734687788 10.75362511
10.753639079 10.798865218
10.798880583 10.816114897
10.816124675 10.835294708
10.835309794 10.858055144
10.858068274 10.897723593
10.897737841 10.925989196
10.926001768 10.947023993
10.947033771 10.96330567
10.963322152 10.988268063
10.988280355 11.020755152
11.020771634 11.041895547
11.041906722 11.060797392
11.060809684 11.089345991
11.089414715 11.123613196
11.123761818 11.155936299
11.155946077 11.174500948
11.174517151 11.187669102
11.187685026 11.217745551
11.217771253 11.255823295
11.25583419 11.276016086
11.276026422 11.295780329
11.295794576 11.315980104
11.315994072 11.354055893
11.354070978 11.380134066
11.380149152 11.400156724
11.400241371 11.422702605
11.42271825 11.466550357
11.466564325 11.492566791
11.492577128 11.509286794
11.509299087 11.527894746
11.52795034 11.573136529
11.573151335 11.602256432
11.602272635 11.627626974
11.627641222 11.651401226
11.65141687 11.670249989
11.670320389 11.718805881
11.718820129 11.750227751
11.750245072 11.771605888
11.771678523 11.793524875
11.793538563 11.818303444
11.818319926 11.861757849
11.861771817 11.878765596
11.878779565 11.901002223
11.901018147 11.923507875
11.92352324 11.961835931
11.961857442 11.993140747
11.993156113 12.021588219
12.021604981 12.039157768
12.039168663 12.085672899
12.085687985 12.116237957
12.116301373 12.138988893
12.139005934 12.156704274
12.156731093 12.178690587
12.178701482 12.21329722
12.213339125 12.234363865
12.234373363 12.254676501
12.254692704 12.275635311
12.275650955 12.3253366
12.32536286 12.346480907
12.346495154 12.367437481
12.367445303 12.387774982
12.387790905 12.432787407
12.432796067 12.459710381
12.459726305 12.48062086
12.480636784 12.494394119
12.494409763 12.535893807
12.535910568 12.555162737
12.555178102 12.570361594
12.570385341 12.592020773
12.592028316 12.607098667
12.607112635 12.657814609
12.657828298 12.675466015
12.675488644 12.696634347
12.696647478 12.712104191
12.712116483 12.729863152
12.72988159 12.768887387
12.768904708 12.788358017
12.788373382 12.807865524
12.807876699 12.82772112
12.827731177 12.867951931
12.867968413 12.89254612
12.892556457 12.912361766
12.912374617 12.936541377
12.93655758 12.95210704
12.952114862 12.990288987
12.99029653 13.019117234
13.019167799 13.044046938
13.044062862 13.063010802
13.063033989 13.087147388
13.087176163 13.12726785
13.127284333 13.147936679
13.147951206 13.177066079
13.177081444 13.206754768
13.206770412 13.238968359
13.23899434 13.261902001
13.261926585 13.281304745
13.28132905 13.303817663
13.303829117 13.340531267
13.340593845 13.372412974
13.372427222 13.389824404
13.389847591 13.417972115
13.417985804 13.438865553
13.438881477 13.475437799
13.475845672 13.499310386
13.499325192 13.51550155
13.515513283 13.53328342
13.533294595 13.584238499
13.584263641 13.600339428
13.60035591 13.621081171
13.621089273 13.64128262
13.641305249 13.686585026
13.686610727 13.706316864
13.706342845 13.72611519
13.726127761 13.749673771
13.749690812 13.771317303
13.771324567 13.816619989
13.816678097 13.834256867
13.834270835 13.850409199
13.850433783 13.867156859
13.867167195 13.907781854
13.907796381 13.934580511
13.93459001 13.946188412
13.946196793 13.963032172
13.963045582 13.994524723
13.994540088 14.029223546
14.029237794 14.048728818
14.048808158 14.063637975
14.063689937 14.079541114
14.079557597 14.124445984
14.124463305 14.148894342
14.148907752 14.177028922
14.17704317 14.191794207
14.191802868 14.215957893
14.215973258 14.268128211
14.26813743 14.29505398
14.295068228 14.312079886
14.312096089 14.335259928
14.33526775 14.379892136
14.379904148 14.401398501
14.401415822 14.424544459
14.424558427 14.442979763
14.442993173 14.467805823
14.46781588 14.51601167
14.516019213 14.526683698
14.526690961 14.547841694
14.54785231 14.566720071
14.566735436 14.626035711
14.626043254 14.651401783
14.651417428 14.670633837
14.670643336 14.695401509
14.695410449 14.73935989
14.739376372 14.763176883
14.763193086 14.784452214
14.784517026 14.804409497
14.804424583 14.835059483
14.835074569 14.868171792
14.868268173 14.8871066
14.887120848 14.905624597
14.905632698 14.923611241
14.923618784 14.948809136
14.948826456 14.988613636
14.988625369 15.00814042
15.008151035 15.027995177
15.028008307 15.04578906
15.045806101 15.085899465
15.08591455 15.110706527
15.110724686 15.130109274
15.130117375 15.147561211
15.147575179 15.169359793
15.169375158 15.208759214
15.208766757 15.230190707
15.230199926 15.249640946
15.249650444 15.269564426
15.26958007 15.314454769
15.314508686 15.338159179
15.338172868 15.358030978
15.358043828 15.379335641
15.379345419 15.395802537
15.395812594 15.442513503
15.442522442 15.463004376
15.463018903 15.477716579
15.477730268 15.492445548
15.492456163 15.511299061
15.511308839 15.554711282
15.554721339 15.574435856
15.574451221 15.592632024
15.592647389 15.609856838
15.609872482 15.652062481
15.652077288 15.679554244
15.679569888 15.699582488
15.699598411 15.718162224
15.718214745 15.745828868
15.745843675 15.785171578
15.785189737 15.803895187
15.803979835 15.824808459
15.824822986 15.842906011
15.842916069 15.892057788
15.892072036 15.908714375
15.908724711 15.924839889
15.924853578 15.942052969
15.942067217 15.980531602
15.980543335 16.000816863
16.000824965 16.019666743
16.019677918 16.039497197
16.039511724 16.056699664
16.05671447 16.096639935
16.096649154 16.121205907
16.121213449 16.130750695
16.130759356 16.146262163
16.1462725 16.167465417
16.167476033 16.206002158
16.206009701 16.228848079
16.228864561 16.246835002
16.246850925 16.264433328
16.264447017 16.305453347
16.305461728 16.329517019
16.329524561 16.346069123
16.346076945 16.363356794
16.363368248 16.405289218
16.40530179 16.423287037
16.423300447 16.439249679
16.439257502 16.455445314
16.455459003 16.497172963
16.497187211 16.515330579
16.515338401 16.527561184
16.527569844 16.542609184
16.542616448 16.582351386
16.582359767 16.613096357
16.613105576 16.63022032
16.630228421 16.64696351
16.646978875 16.665427867
16.665436247 16.706768317
16.706776977 16.729526238
16.729541882 16.747753414
16.747767941 16.763655156
16.763669962 16.785741762
16.785759082 16.817338795
16.817351088 16.837056105
16.83707147 16.856711677
16.856727321 16.875107588
16.875124909 16.906509067
16.906518565 16.932110085
16.932117349 16.94672591
16.946824247 16.964530686
16.964540743 17.006883555
17.006893333 17.026736358
17.026749209 17.045111039
17.045122214 17.064448414
17.064456236 17.081486053
17.081493317 17.122031709
17.122042325 17.142194328
17.142202988 17.160647232
17.160655613 17.173565075
17.173574852 17.198522437
17.19852998 17.232824283
17.232840207 17.250900322
17.250907865 17.267303245
17.267314141 17.283924632
17.283931896 17.322977082
17.322984345 17.349234608
17.349251929 17.367184097
17.367191919 17.38324312
17.383261279 17.422379378
17.422387759 17.448060577
17.448076221 17.468429366
17.46844501 17.483570397
17.483585762 17.49990264
17.499909903 17.547109197
17.547123724 17.571108059
17.571121189 17.584819019
17.584834105 17.599633471
17.599650233 17.639941667
17.639957591 17.66584915
17.665857531 17.691599629
17.691607452 17.71028245
17.710290831 17.736254747
17.736263128 17.764917328
17.764927664 17.789947604
17.789955426 17.807605714
17.807614374 17.825514416
17.825523635 17.857678838
17.857687778 17.891010448
17.891017991 17.909549677
17.909557499 17.925627138
17.925640827 17.96448459
17.964492692 17.990722004
17.990733179 18.007276621
18.007289471 18.022125157
18.022136611 18.042015674
18.042023496 18.080460784
18.080470841 18.097234144
18.097248392 18.113766693
18.113782617 18.130333602
18.130344777 18.150174672
18.150186964 18.192542068
18.192555757 18.209658768
18.209669105 18.226435202
18.226443024 18.243449376
18.243457198 18.28611234
18.286120163 18.309991631
18.309999733 18.321159811
18.321167634 18.338793057
18.338801438 18.366286496
18.366304655 18.401932367
18.401944939 18.426129017
18.426145779 18.444417656
18.444433579 18.484005088
18.484016542 18.510394196
18.510404532 18.528854365
18.528861628 18.544042887
18.544049871 18.58300147
18.583009851 18.611511517
18.611518781 18.629683939
18.629694555 18.644812398
18.644820779 18.684518562
18.684529177 18.714624623
18.714635797 18.73230173
18.732309273 18.747753694
18.747769338 18.763298685
18.76330958 18.810760863
18.810777904 18.831524676
18.831533616 18.847683153
18.847699915 18.86490741
18.864919703 18.882846561
18.882854942 18.916518999
18.916648345 18.93694394
18.936951482 18.953292108
18.953299092 18.969535512
18.969544452 19.015146895
19.015158907 19.037629083
19.037641096 19.063939968
19.063955892 19.078748276
19.078756657 19.117487557
19.117499569 19.145825515
19.145835014 19.165830293
19.16584035 19.179327538
19.17933564 19.195793039
19.195805611 19.244895649
19.244903472 19.271915563
19.271925899 19.288814639
19.288821903 19.306252887
19.306266576 19.343771343
19.343783915 19.369800351
19.369809011 19.385433901
19.385442003 19.396883401
19.396890944 19.413491937
19.413503112 19.461578775
19.461588553 19.475003105
19.475017912 19.489560543
19.489575908 19.504958032
19.504968089 19.543001414
19.543076004 19.572214624
19.572222446 19.588214703
19.588226436 19.605787885
19.605798221 19.643473679
19.643487368 19.669591805
19.669714446 19.685139031
19.685155234 19.703118691
19.703134615 19.717224115
19.717240598 19.760682153
19.760697518 19.790753572
19.790762233 19.806453332
19.806461713 19.824835557
19.824844776 19.85574982
19.855757643 19.890822435
19.890832771 19.907607809
19.90761591 19.92323717
19.923247227 19.941383889
19.941391432 19.986150193
19.986163882 20.002445002
20.002452266 20.018316851
20.018333054 20.032791317
20.032802492 20.059090189
20.059099967 20.09571831
20.095725573 20.111033384
20.111047073 20.12464098
20.124658021 20.142419775
20.142427597 20.187781126
20.187796491 20.206666768
20.206682691 20.225161855
20.225169677 20.24060041
20.240608512 20.278749672
20.278764757 20.302157396
20.302165219 20.316076482
20.316084304 20.331193488
20.331204104 20.347923269
20.347933046 20.387861585
20.387869966 20.415066997
20.415315353 20.433295571
20.433303393 20.44929062
20.449307103 20.49195973
20.491976213 20.522040927
20.522055733 20.543352017
20.543367102 20.560758698
20.560773504 20.602088531
20.602101103 20.63265387
20.632668676 20.649873096
20.649883432 20.667336769
20.667344591 20.690487755
20.690495577 20.740912042
20.740922657 20.756788083
20.756799257 20.774747067
20.774756565 20.791888632
20.79190707 20.817266997
20.817277054 20.852644398
20.852652221 20.871904668
20.87191221 20.88772707
20.887736289 20.904450145
20.90446104 20.948822823
20.948833998 20.969244973
20.969257265 20.986878218
20.986888275 21.003123859
21.003137827 21.041435991
21.041448283 21.070581873
21.070593886 21.086607933
21.086623578 21.105346627
21.105354729 21.142256627
21.142268081 21.165103105
21.165119029 21.181795451
21.181811095 21.201517509
21.201526449 21.218943747
21.218952128 21.26720882
21.267224744 21.282129989
21.282145913 21.298403287
21.298414182 21.313307975
21.313320826 21.33431232
21.334322098 21.373926014
21.373933836 21.392116874
21.392127769 21.409152837
21.40916485 21.427909132
21.428095189 21.463567575
21.463584895 21.495243947
21.495260429 21.518187646
21.518202452 21.535817818
21.535831507 21.574330534
21.574347854 21.602016177
21.602034615 21.620329398
21.620340852 21.636657172
21.636668347 21.660828399
21.66084125 21.690849813
21.690866295 21.717647074
21.717659366 21.737464396
21.737473615 21.7544389
21.754448119 21.799497141
21.799513624 21.81915774
21.819185955 21.836739584
21.836755229 21.852698317
21.852712285 21.882776161
21.882790129 21.915925905
21.915942946 21.933847178
21.933857794 21.950217413
21.950225515 21.966581505
21.966589048 22.008695238
22.008703619 22.029205106
22.029214884 22.04459142
22.044598963 22.062055093
22.062070458 22.083356681
22.083372885 22.117552088
22.117566336 22.143976398
22.143991763 22.162446342
22.162453606 22.179316364
22.179325583 22.198708493
22.198724137 22.232804726
22.232813666 22.267136185
22.267153226 22.279765722
22.279782205 22.296676252
22.296685192 22.314899518
22.314909296 22.350411573
22.350418837 22.363197835
22.363205098 22.380348897
22.380362866 22.39880711
22.398821637 22.437235178
22.437243001 22.456657199
22.456666418 22.473106218
22.473114319 22.492969355
22.492985 22.534240802
22.534248345 22.555470316
22.555479256 22.571866534
22.571876591 22.589947883
22.589962689 22.626136281
22.626148852 22.647153757
22.647161579 22.664313479
22.664321301 22.680668072
22.680683437 22.724059341
22.724069957 22.748076917
22.748093679 22.764756972
22.764765074 22.782073698
22.782082358 22.818481957
22.818490617 22.842632232
22.842645642 22.857315663
22.857323486 22.873123537
22.873131359 22.910253954
22.910261497 22.938432956
22.938440219 22.956738633
22.956753999 22.973858128
22.973868186 23.01264574
23.012653841 23.044878607
23.044892296 23.057046634
23.057058647 23.073805468
23.073812452 23.111165803
23.111175022 23.142995267
23.143003089 23.162299396
23.16231085 23.179637075
23.179649925 23.216602387
23.216613283 23.245440689
23.245456334 23.262622762
23.262645111 23.279348072
23.279356174 23.317404865
23.317418833 23.341140283
23.341151736 23.357839054
23.357853022 23.374554584
23.374562127 23.392551845
23.392566093 23.431739507
23.431748167 23.449873935
23.449881477 23.465986317
23.465993301 23.492608975
23.492619871 23.525572104
23.525579646 23.541218225
23.541225209 23.557729821
23.557737364 23.576787551
23.576803196 23.625728407
23.625743213 23.645662785
23.645670049 23.660761352
23.660770292 23.685200771
23.685208314 23.716050222
23.716067822 23.73643382
23.736443039 23.752868029
23.752883395 23.768821734
23.768831512 23.813790019
23.813800914 23.837915989
23.837931354 23.851279141
23.851288081 23.867533442
23.867546293 23.884628631
23.884643717 23.924295404
23.924310769 23.943116232
23.943129921 23.959308792
23.959324716 23.975884084
23.975894979 24.025513018
24.025528662 24.045286479
24.045301285 24.067897175
24.067907791 24.084691488
24.084701545 24.129572331
24.129589372 24.159359638
24.15936746 24.176791461
24.176833087 24.19158608
24.191599489 24.236793222
24.236806911 24.267016895
24.2670236 24.285173673
24.285184289 24.302074423
24.302085318 24.320942465
24.320955874 24.362999765
24.363012895 24.39185846
24.391865724 24.407918602
24.407925587 24.425723099
24.425731201 24.435659558
24.435672688 24.479183525
24.479192186 24.503791959
24.503804252 24.522621448
24.522656928 24.536890302
24.536898683 24.554013147
24.554138024 24.588916465
24.588927361 24.611164266
24.611172647 24.627847671
24.627858007 24.644441121
24.644449502 24.660860527
24.66086807 24.70946866
24.709477879 24.725914884
24.725927734 24.742965655
24.74298521 24.758877731
24.758896449 24.774644261
24.774683652 24.813426285
24.813435225 24.841723177
24.841730999 24.856033935
24.856040919 24.876166383
24.87617616 24.889178929
24.889185914 24.933789907
24.93379745 24.953999459
24.954005885 24.97104967
24.971057212 24.987095565
24.987109253 25.031299507
25.031312916 25.057600056
25.057611789 25.071949645
25.07195635 25.089119704
25.089130041 25.109595212
25.109604431 25.150928119
25.150935382 25.163787575
25.163794838 25.179745188
25.179757759 25.195824886
25.19583215 25.230758376
25.230771786 25.250086253
25.250097707 25.265008539
25.265017199 25.286399806
25.28640707 25.296865941
25.296876277 25.342027825
25.342039838 25.36353
25.36354313 25.381219678
25.381226662 25.398593953
25.398603731 25.415759264
25.415769041 25.458084196
25.45809565 25.478583449
25.478592668 25.49258048
25.492587744 25.508749294
25.508756278 25.524008216
25.524014921 25.565902089
25.565908793 25.586815921
25.58682486 25.60601836
25.606028697 25.622388598
25.622401449 25.642103114
25.642115127 25.684081074
25.684089734 25.703007224
25.703018398 25.720321993
25.720335403 25.7366886
25.736695863 25.761665796
25.761679205 25.802749509
25.802758728 25.823163277
25.823173055 25.839652803
25.839666213 25.860964729
25.860974787 25.907276202
25.907289891 25.930729741
25.930740077 25.949632144
25.949638569 25.965486114
25.965493657 25.98278943
25.98279837 26.024014781
26.024027911 26.04266855
26.042711572 26.058918379
26.058927598 26.077046662
26.077053925 26.113097612
26.113108507 26.148877578
26.148890429 26.168870065
26.168882077 26.186444363
26.18645917 26.207179961
26.207190018 26.259389111
26.259400285 26.277441125
26.277453138 26.29355742
26.293567198 26.309121966
26.309134538 26.325822134
26.32583275 26.364121136
26.364133987 26.389852898
26.38986491 26.40717577
26.407187783 26.428385449
26.428394669 26.458903015
26.45891391 26.491015476
26.491024974 26.502393179
26.502400443 26.519695936
26.519711301 26.532973043
26.532979748 26.569340514
26.569353644 26.594013484
26.594026614 26.610982119
26.610991339 26.630842186
26.630855596 26.65450916
26.654517541 26.693547641
26.693560492 26.719482782
26.719493118 26.738001894
26.738009996 26.750732563
26.750744855 26.775026991
26.775037886 26.815091021
26.815103871 26.839663978
26.839673197 26.860236704
26.860245923 26.876129506
26.876143753 26.917730324
26.917794299 26.944815889
26.944829019 26.965803473
26.965815207 26.974898483
26.974905747 26.993467044
26.993476822 27.046579661
27.046593071 27.064398964
27.064407065 27.080812503
27.080820605 27.093820861
27.093833991 27.109797192
27.109804735 27.154024601
27.154036334 27.172672224
27.172680605 27.187840351
27.18785404 27.203288963
27.203300976 27.234416382
27.234424204 27.260578368
27.260586749 27.28666632
27.286674421 27.30770391
27.307720393 27.335732612
27.335739875 27.375139575
27.375154102 27.404807312
27.404820442 27.426296357
27.426309487 27.451783394
27.451797083 27.495420225
27.495433355 27.526997144
27.527013906 27.551216144
27.551227597 27.564441848
27.564453581 27.613393042
27.613399746 27.634701894
27.634715303 27.653811307
27.65382332 27.679310915
27.679326839 27.704783985
27.704835668 27.738571521
27.738578505 27.764567282
27.764580133 27.787371018
27.787379958 27.810144583
27.810156317 27.835599493
27.835611506 27.872662304
27.872669847 27.893078588
27.893089483 27.917487554
27.917501802 27.943636968
27.943652334 27.986176454
27.986188746 28.006181788
28.006196874 28.039096865
28.039145475 28.058101516
28.058113529 28.094456695
28.094464797 28.124385079
28.124400444 28.152324945
28.152336958 28.174927258
28.174944299 28.214487033
28.214496532 28.250138493
28.250145757 28.276556096
28.276569785 28.301095528
28.301103909 28.31921487
28.319228838 28.35401594
28.354028512 28.380936961
28.380943945 28.39944434
28.39945747 28.421446858
28.421461106 28.470327092
28.470333797 28.492869902
28.492884987 28.511865891
28.511873433 28.533803316
28.533815329 28.555718392
28.55573208 28.607226055
28.60731629 28.623945778
28.623954159 28.650944461
28.650959826 28.67888209
28.678897176 28.715666374
28.715677828 28.737502389
28.737513285 28.756747574
28.756758749 28.780425722
28.780440249 28.804898386
28.804906487 28.844511242
28.844523534 28.868656768
28.868671295 28.886499539
28.886512111 28.912327123
28.912340533 28.933183404
28.933192903 28.973397734
28.973406394 28.989593367
28.989600352 29.013815161
29.013827733 29.033147786
29.033159519 29.079632744
29.079644757 29.105224264
29.105235159 29.126125804
29.126139493 29.151641337
29.151650835 29.194144225
29.194152885 29.2198176
29.219825143 29.243599673
29.24360945 29.263937174
29.263950863 29.309492684
29.309506931 29.337556028
29.337567482 29.367338305
29.367352273 29.385513518
29.385526928 29.433584154
29.433595887 29.46091584
29.460927015 29.478464159
29.47847282 29.507654461
29.507667591 29.561026888
29.5610389 29.58771743
29.587731957 29.611273776
29.611281599 29.642598428
29.642611837 29.666069289
29.666084933 29.713795466
29.713807479 29.741178276
29.741196155 29.76782831
29.767845631 29.794818334
29.794830347 29.827708268
29.827716649 29.865478711
29.865489047 29.893716377
29.89373286 29.918391023
29.918504445 29.939747646
29.939756027 29.996719414
29.996731426 30.033353399
