0.021591291 0.034490976
0.034522823 0.054500503
0.054507487 0.07148618
0.071500707 0.092852025
0.092867391 0.13336751
0.133387624 0.15541193
0.15542059 0.185246729
0.185261535 0.215872966
0.215880229 0.241700552
0.241720107 0.266919119
0.266949011 0.295473866
0.295482806 0.316826859
0.316839431 0.337480043
0.337487306 0.353227017
0.353235957 0.370240352
0.370248174 0.389030728
0.389040506 0.418250365
0.418257349 0.438272461
0.438288943 0.451621085
0.451635333 0.472446638
0.472455578 0.500195695
0.500211339 0.520880168
0.520896651 0.553905595
0.553923474 0.578668238
0.578687514 0.600953754
0.600963811 0.634653287
0.634671167 0.656561099
0.656569759 0.685891364
0.685900583 0.714715977
0.714725475 0.740962049
0.740972665 0.760869329
0.760896986 0.777217775
0.777226994 0.793942806
0.793961523 0.819862301
0.819876828 0.83684323
0.836858037 0.854663932
0.854690751 0.884300938
0.884308201 0.909453016
0.90946894 0.933493503
0.93350328 0.976600377
0.976614345 1.000703722
1.00072635 1.032866189
1.032889935 1.059519855
1.059613442 1.086319071
1.086431097 1.107787722
1.107804763 1.135999128
1.136013655 1.162423994
1.162441036 1.194291453
1.194298437 1.21738573
1.217398022 1.247854406
1.24788793 1.276231755
1.276241532 1.30149195
1.301498935 1.318463099
1.318477347 1.340498862
1.340508081 1.359361875
1.359373888 1.377574803
1.377591285 1.396586717
1.396604037 1.421478428
1.42149519 1.444817708
1.444826648 1.460765545
1.460783983 1.48396514
1.483975756 1.505739138
1.505747519 1.528987342
1.52900159 1.549805632
1.549823791 1.575039844
1.575056886 1.617043228
1.617062225 1.642830303
1.642850138 1.669589012
1.669605774 1.693433663
1.693452381 1.720176446
1.720189017 1.746184502
1.746202381 1.767861557
1.767888096 1.78242989
1.782437153 1.796287238
1.796298971 1.818223544
1.818253716 1.834994391
1.835011153 1.850770978
1.8507788 1.866906548
1.866923589 1.88905657
1.889073611 1.93081467
1.930830314 1.955358013
1.955370305 1.976720226
1.97679314 1.998475783
1.998485282 2.018985933
2.019002695 2.04563876
2.045663344 2.069616949
2.069634828 2.099780558
2.099798158 2.121839228
2.1218694 2.14580652
2.145825517 2.168708593
2.168723958 2.180871592
2.180880811 2.197659478
2.197684621 2.238974787
2.238992945 2.257705936
2.257736387 2.27097997
2.270990307 2.288114551
2.288121814 2.305117828
2.30513459 2.327324282
2.327333781 2.343851244
2.343867168 2.356078496
2.356089949 2.376129926
2.376140822 2.399451606
2.39946781 2.419428725
2.4194927 2.434266924
2.434285362 2.447516933
2.447558279 2.468403945
2.468419589 2.504593181
2.504605473 2.528204841
2.528214619 2.552416298
2.552425797 2.574906309
2.574917204 2.600929168
2.600947047 2.620938416
2.620952105 2.64989405
2.649909694 2.665158561
2.665165824 2.695211821
2.695225789 2.719654593
2.719684764 2.74054747
2.740555293 2.765834206
2.765853482 2.778331603
2.778342778 2.795262247
2.795270348 2.805928128
2.80593595 2.832091788
2.832107432 2.847749644
2.84777339 2.874682117
2.874699158 2.895194781
2.895204838 2.913563316
2.913573093 2.936812361
2.936826609 2.961033036
2.96112327 2.985804621
2.985828646 3.008895263
3.008903365 3.033963814
3.033987839 3.058894635
3.05891 3.09074198
3.090756507 3.119386122
3.119402325 3.144545466
3.144555523 3.169684415
3.16969978 3.185992632
3.186002689 3.215951469
3.215963202 3.240969452
3.240983979 3.260423042
3.260449303 3.275527197
3.275539489 3.300890476
3.300903606 3.329620106
3.329677655 3.342940233
3.342950569 3.360240756
3.360255004 3.375215844
3.375224505 3.395541053
3.395559491 3.428177325
3.428193807 3.445957516
3.445978189 3.474407502
3.474498016 3.492287985
3.492304467 3.516948104
3.516964866 3.540769288
3.540786888 3.554969417
3.554976681 3.569857621
3.569881646 3.587761014
3.587785598 3.603951898
3.603961396 3.622256739
3.622267075 3.638644856
3.638657986 3.659366483
3.659373746 3.679153355
3.679163971 3.695290882
3.69530038 3.730407355
3.730416574 3.747468183
3.747479079 3.763035805
3.763050332 3.778246396
3.778254218 3.794485611
3.79450377 3.810393779
3.810416967 3.826112536
3.826131812 3.843062176
3.843072233 3.862586725
3.86261103 3.880516657
3.880532581 3.894663147
3.89467097 3.912768802
3.912779697 3.931688804
3.931698582 3.949508107
3.949515091 3.977996645
3.97802067 4.000524926
4.000546716 4.02170192
4.02171086 4.039221466
4.039248843 4.056769225
4.056796603 4.078922041
4.078937965 4.097872216
4.097984521 4.11489868
4.114911811 4.131282048
4.131289591 4.149334621
4.149344119 4.164910065
4.164920402 4.181829256
4.181846017 4.201175289
4.201184787 4.230022809
4.230048511 4.246499205
4.246512894 4.264190281
4.264200059 4.283355007
4.283363388 4.300882934
4.300899417 4.316917652
4.31694056 4.33163321
4.33164215 4.346247638
4.346259371 4.36097381
4.360985543 4.379157406
4.379165228 4.391716824
4.391727999 4.406748903
4.406765665 4.426867101
4.426884421 4.448843079
4.448858724 4.470840567
4.470853697 4.489625915
4.489642957 4.506136115
4.506146452 4.525106123
4.52511646 4.542707801
4.542715065 4.559345112
4.55948256 4.572755756
4.572780899 4.592483121
4.592490664 4.610974579
4.61110588 4.631276881
4.631286379 4.648615116
4.648625452 4.66528176
4.665305786 4.680887655
4.680899389 4.723363164
4.723374898 4.736814316
4.73682605 4.756318469
4.756332996 4.769693354
4.769704529 4.786511135
4.786522868 4.803723098
4.80373539 4.820505119
4.820518529 4.838127472
4.838140323 4.856366939
4.856384539 4.873251209
4.873262942 4.886855173
4.886868303 4.903575453
4.903583276 4.947954279
4.947979422 4.959989327
4.960002457 4.976591158
4.976601774 4.996745676
4.99675713 5.015508115
5.015520407 5.0308718
5.031046123 5.049299003
5.049307663 5.068251411
5.068277951 5.088765471
5.088776925 5.106247582
5.10626574 5.122820358
5.122848294 5.140566467
5.14057401 5.156406749
5.156420997 5.176804594
5.176861584 5.204895594
5.204910959 5.2231454
5.223161044 5.239848359
5.239860652 5.257001657
5.25701339 5.275445901
5.275463781 5.292600036
5.292624062 5.310067619
5.310077118 5.326197324
5.326334771 5.344517529
5.344537644 5.358686368
5.35870313 5.373253305
5.373270067 5.389072912
5.389081572 5.407894019
5.407903518 5.439679623
5.439696384 5.458205722
5.458213544 5.477979462
5.477990078 5.496016393
5.496025891 5.514795316
5.514803976 5.534583864
5.534593921 5.553066661
5.553092362 5.569258383
5.569267602 5.584791921
5.584803654 5.600906539
5.600918273 5.618021006
5.618031901 5.637824638
5.637848943 5.652774584
5.652792463 5.680714448
5.680723947 5.705907035
5.705921562 5.724252104
5.724262441 5.74289302
5.742922074 5.762340743
5.762354153 5.773551387
5.773561444 5.789618234
5.789645053 5.806283478
5.806299123 5.822895367
5.822908777 5.841001022
5.841009961 5.858142863
5.858150965 5.883858981
5.883961788 5.904764991
5.904781753 5.940021147
5.940029528 5.956957659
5.95698336 5.97384863
5.973863995 5.995218945
5.995235148 6.012894377
6.012903875 6.026605615
6.026635227 6.042180221
6.042192513 6.060465505
6.0605468 6.079242472
6.079266218 6.098137892
6.098145714 6.117890122
6.1178999 6.136289387
6.136315368 6.153567283
6.153582927 6.178989227
6.179003196 6.202768508
6.202778565 6.213980268
6.213990046 6.23421552
6.23422893 6.255263168
6.255278254 6.275887857
6.275896238 6.293402372
6.293417178 6.312801207
6.312815455 6.328368549
6.328380562 6.34427895
6.344295992 6.357763066
6.357779549 6.375555272
6.375577063 6.3946049
6.394619148 6.41557628
6.415587175 6.455513758
6.455522977 6.47458825
6.47461451 6.492663173
6.492671833 6.514045778
6.51406254 6.534244156
6.534268461 6.553080629
6.553087893 6.572948516
6.572966396 6.58400048
6.584010816 6.603770869
6.603778412 6.622294453
6.622301996 6.638039751
6.638066011 6.65653372
6.656549923 6.675151171
6.67516039 6.693395947
6.693422207 6.711858909
6.711873156 6.732484994
6.732492536 6.761305976
6.761331678 6.778435805
6.778445583 6.794827834
6.794839008 6.813379633
6.813391366 6.832999165
6.833013133 6.854211638
6.854220857 6.872578497
6.872589951 6.886014003
6.886022663 6.902806641
6.902817257 6.91844606
6.918455837 6.937089489
6.937105412 6.957725911
6.957750216 6.976231336
6.976248657 7.00390664
7.003923123 7.019920408
7.019942478 7.041320335
7.041330671 7.061288794
7.061296337 7.079279908
7.079289406 7.09983671
7.099910183 7.122590161
7.122606364 7.139540081
7.13961104 7.159011549
7.159041441 7.180133508
7.180148035 7.198838679
7.198849574 7.217502223
7.217517308 7.237566506
7.237575445 7.259474039
7.259484096 7.298404127
7.298413625 7.314684965
7.314694743 7.329984955
7.329993895 7.345105034
7.34512878 7.36208708
7.362102165 7.37928759
7.37931385 7.396870831
7.396881168 7.423944382
7.423960306 7.444332728
7.444434697 7.464045011
7.464054789 7.482138929
7.482154574 7.501651746
7.501665714 7.521564333
7.521589755 7.54094361
7.540963166 7.558586915
7.558594178 7.589956543
7.589981686 7.605720279
7.60574598 7.623238987
7.623249044 7.649704081
7.649715535 7.67177197
7.671781748 7.690730247
7.69074198 7.712729969
7.712739188 7.730570784
7.730584752 7.749208349
7.749223155 7.763566597
7.763578051 7.77762425
7.777635145 7.794412139
7.794477231 7.810136203
7.81014626 7.823337881
7.823348218 7.86478449
7.864793988 7.881544163
7.881564556 7.899679706
7.899696468 7.915489817
7.91550602 7.933902492
7.933919254 7.951674304
7.951700564 7.968958904
7.968968123 7.989767693
7.989783896 8.009277716
8.009287214 8.028180117
8.02818738 8.048407548
8.048432133 8.065622864
8.06564661 8.084960238
8.084971692 8.115102617
8.115120217 8.129269501
8.129292408 8.145378532
8.145386075 8.160217569
8.160226229 8.173641342
8.173667881 8.192469991
8.192479769 8.210887696
8.210895518 8.227780625
8.227793755 8.242801807
8.242812982 8.261431829
8.261470661 8.281342461
8.281355591 8.29842396
8.298447147 8.316627671
8.31663689 8.352274938
8.35228304 8.362467575
8.362481543 8.379263286
8.379271387 8.393629357
8.393649192 8.411388876
8.411400609 8.431551775
8.431567698 8.451965263
8.451976158 8.469360769
8.469370826 8.486088036
8.486097534 8.50861967
8.508630286 8.527586326
8.52760225 8.544913669
8.545944526 8.567106432
8.567122356 8.591029027
8.591039084 8.613826895
8.61383807 8.633383851
8.633400334 8.651693441
8.651717746 8.672758128
8.672767347 8.691687909
8.691712214 8.710726643
8.710751506 8.729927964
8.729941653 8.750526114
8.750534215 8.768765862
8.768777037 8.782583539
8.782592758 8.796804062
8.796814399 8.814084751
8.81409397 8.83821072
8.838227203 8.850256107
8.850264767 8.86900905
8.869019107 8.88704514
8.887058829 8.903525167
8.903533827 8.918956459
8.918972941 8.938679915
8.938706455 8.960126216
8.960135993 8.98126354
8.98127695 9.000057548
9.000070957 9.016297042
9.016307658 9.033137451
9.033147509 9.048648361
9.048658977 9.072427919
9.072435462 9.092797826
9.09281375 9.118152726
9.118163062 9.131070289
9.131084816 9.149192983
9.149215332 9.167771881
9.167781938 9.190013255
9.190030296 9.208427607
9.208437664 9.226961246
9.227001475 9.247436475
9.247454913 9.265811437
9.265828199 9.283950332
9.28396039 9.301713485
9.301727174 9.319435291
9.319445907 9.343928626
9.343947902 9.353560856
9.353575383 9.368646014
9.368730942 9.385207896
9.385218512 9.404477942
9.404494424 9.421150453
9.421160789 9.438325541
9.438341745 9.455195281
9.455211764 9.472714269
9.472729913 9.490760138
9.490770475 9.507555008
9.507563389 9.523444179
9.523454236 9.543222672
9.543233846 9.580515679
9.580530485 9.597168634
9.597185955 9.612520305
9.612536229 9.632011609
9.632039266 9.653084121
9.653094178 9.670736922
9.670747817 9.689380912
9.689391527 9.70449652
9.704504342 9.723981957
9.723992573 9.743792297
9.743802354 9.763045861
9.763053683 9.77709597
9.77710463 9.791499477
9.791509255 9.841528461
9.84154187 9.856793531
9.856810292 9.876487094
9.876501342 9.895606283
9.895632544 9.910484712
9.910498121 9.925160041
9.925175406 9.944907242
9.944933223 9.961555169
9.961572769 9.976549533
9.976556796 9.992371375
9.992384785 10.009747047
10.009757663 10.028345222
10.02835919 10.046367344
10.046376843 10.064268781
10.06428694 10.098176723
10.098191529 10.114276533
10.114380736 10.13114013
10.131165552 10.156721873
10.1567364 10.175184275
10.175271716 10.19466217
10.194672506 10.215086553
10.215099962 10.237904816
10.237921019 10.257650623
10.257660401 10.27655442
10.276562801 10.294594983
10.294604761 10.311332304
10.311343758 10.326963621
10.32698178 10.342150469
10.34216723 10.378861
10.378871616 10.390048176
10.390065217 10.406664533
10.406675707 10.428795559
10.428996423 10.450723205
10.450731307 10.470459513
10.470470967 10.492275693
10.492299718 10.51280903
10.512910161 10.531267799
10.531292662 10.551458634
10.551470647 10.569109482
10.56911898 10.585463513
10.585473571 10.604232101
10.604257244 10.624609272
10.624628548 10.656000691
10.656018012 10.67202731
10.672041557 10.689226981
10.689242347 10.708635034
10.708647047 10.727094644
10.727105818 10.746046493
10.74606102 10.763803778
10.763812997 10.780249165
10.780258663 10.794609929
10.794627809 10.810791593
10.81080612 10.828210567
10.828303316 10.844352563
10.844369605 10.866003079
10.866016209 10.887415299
10.8874234 10.910700102
10.910710718 10.93012771
10.930147266 10.948532284
10.948546811 10.974096147
10.974107042 10.99585031
10.995864837 11.015609524
11.015623492 11.03619119
11.036205997 11.055660146
11.055676349 11.074884934
11.074892477 11.094078995
11.094103579 11.114043265
11.114064497 11.135524485
11.135541247 11.15690821
11.156932514 11.180407564
11.180432986 11.198600379
11.198609598 11.216391188
11.216400687 11.239426796
11.239458085 11.261562292
11.261578775 11.281051363
11.28106142 11.298222816
11.298235667 11.320580966
11.320595214 11.332347546
11.332364028 11.349059446
11.349069503 11.361315752
11.361323295 11.380566803
11.380577418 11.397854754
11.397872075 11.423533716
11.423552154 11.456176133
11.456202672 11.473629468
11.473640363 11.494051897
11.49405944 11.515321918
11.515419137 11.53899029
11.539461299 11.555896907
11.555955573 11.576947907
11.576963551 11.591393318
11.591409522 11.612643225
11.612659149 11.632123075
11.63213844 11.648945606
11.649016564 11.673643435
11.673662432 11.690182969
11.690206435 11.713154884
11.713171925 11.736480193
11.73649472 11.758405048
11.758415664 11.775461126
11.775473697 11.79496528
11.794983439 11.815075099
11.815086553 11.833426314
11.833451457 11.850722646
11.850740805 11.866816033
11.866839499 11.882393432
11.882401534 11.896032873
11.896042651 11.9113256
11.911335377 11.931476765
11.931491013 11.951567026
11.95157876 11.969158928
11.969189099 11.997137345
11.997147122 12.008328151
12.008340164 12.03149674
12.031507635 12.053201732
12.053209275 12.072646941
12.072659233 12.092793636
12.092985839 12.111632902
12.111641842 12.130601513
12.130613805 12.150545948
12.150562431 12.171285455
12.171315067 12.190372798
12.190386207 12.209146134
12.209157029 12.218894578
12.218918883 12.240871954
12.240998506 12.273471627
12.273480008 12.290725217
12.290734436 12.31612146
12.316131796 12.337732588
12.337747394 12.349046037
12.349059726 12.365801238
12.365812134 12.38251258
12.382792224 12.404724902
12.404808711 12.42225115
12.422260369 12.439612295
12.439630733 12.457362318
12.457372375 12.47649743
12.476512237 12.49588062
12.495894309 12.524340383
12.524369996 12.540066961
12.540075063 12.559486749
12.559497085 12.576264301
12.576280783 12.591357
12.591366499 12.615075937
12.615095213 12.633999851
12.634016334 12.653407623
12.653416004 12.673332503
12.673343119 12.691713052
12.691728138 12.70772151
12.707737992 12.727894186
12.72791011 12.746723675
12.746732335 12.764100183
12.764120298 12.802800633
12.802826334 12.818303442
12.818320204 12.83389034
12.833915483 12.860129427
12.860155967 12.879491945
12.879500885 12.895989294
12.895999351 12.915074958
12.915084736 12.941721922
12.941736728 12.965586127
12.965604286 12.984317837
12.984348009 13.00689026
13.006900317 13.031578312
13.031598147 13.053602063
13.053621618 13.080809151
13.080825075 13.111159937
13.111169435 13.128566339
13.128611038 13.14595514
13.145965477 13.162051321
13.162058864 13.18013239
13.180162003 13.200803172
13.200864633 13.218702934
13.21872249 13.239934125
13.239961223 13.261111397
13.261119219 13.280789597
13.280804962 13.300393763
13.300403541 13.323632472
13.323649513 13.335832345
13.335840167 13.35127537
13.351287383 13.386846092
13.386853356 13.405401803
13.405409626 13.425466084
13.425475583 13.450206101
13.4502156 13.476622865
13.476639907 13.49753083
13.497556811 13.526059316
13.526074122 13.545917428
13.545928043 13.566042609
13.566052946 13.583267145
13.583430015 13.602175136
13.602201955 13.622817423
13.622841728 13.639646657
13.639723483 13.658427816
13.658559118 13.692940023
13.692966842 13.725175125
13.72519021 13.741226607
13.741242251 13.762649721
13.76265894 13.785497596
13.785514916 13.800991186
13.800999008 13.817256103
13.817268954 13.838064891
13.838079139 13.867268325
13.867286763 13.884050346
13.884059845 13.896053825
13.896066956 13.915091162
13.915108483 13.936712906
13.936722404 13.959172463
13.959188946 13.982366752
13.982385469 14.012037562
14.012062704 14.031961324
14.031986466 14.056191776
14.056206303 14.081179032
14.081186295 14.103353636
14.10336509 14.127631862
14.127649183 14.147513719
14.147527967 14.165634736
14.165647308 14.184719006
14.184730181 14.203012673
14.203024965 14.221996927
14.222013969 14.245092881
14.24511523 14.267238432
14.26725687 14.297062335
14.297089154 14.319103405
14.319113741 14.338679076
14.338688295 14.363652083
14.363660464 14.373730738
14.373741354 14.399788798
14.399815896 14.413652293
14.413660115 14.436968104
14.436983748 14.450872665
14.450888588 14.474361126
14.474375932 14.500463046
14.500488468 14.517117398
14.517134998 14.539304015
14.539316307 14.563792883
14.563822216 14.591346664
14.591375159 14.620650108
14.620769677 14.642813261
14.64283142 14.672258064
14.672275944 14.696708659
14.696735757 14.716664546
14.716755341 14.735588181
14.735613324 14.760234609
14.760261707 14.77937978
14.779392072 14.803913344
14.803930944 14.814402108
14.814412723 14.830976002
14.830986339 14.850439929
14.850456132 14.875921658
14.87593395 14.894461446
14.894468989 14.911780406
14.911790463 14.936632447
14.936642504 14.957431181
14.957439562 14.978704554
14.978716846 15.002698945
15.002734704 15.024600331
15.024614858 15.046174582
15.046201121 15.065763106
15.065775677 15.082528643
15.082550154 15.105307517
15.105322323 15.129261399
15.129280117 15.142475926
15.142488777 15.179159082
15.179188695 15.200002512
15.200019274 15.22430197
15.224316776 15.24117618
15.241185679 15.258296793
15.258307688 15.275095856
15.275114573 15.29371079
15.293721965 15.314807606
15.314816546 15.338188791
15.338196333 15.353926823
15.353993592 15.369548363
15.369573785 15.387488353
15.387527185 15.40734255
15.407368252 15.431481653
15.431498136 15.468529936
15.468547536 15.481809558
15.481852859 15.509779313
15.509849993 15.53578625
15.535804409 15.556099168
15.556109225 15.574553746
15.574580845 15.592572238
15.592589279 15.607772495
15.607784507 15.624245258
15.624265093 15.637654225
15.637665399 15.652942761
15.652958964 15.664994293
15.665004071 15.684076605
15.684087221 15.702825916
15.702855808 15.739338936
15.739358212 15.757432578
15.757442914 15.773335716
15.773344656 15.787838676
15.787845939 15.803121904
15.803130564 15.820376051
15.820393651 15.837718759
15.837733845 15.854713936
15.854735447 15.874841074
15.874860071 15.897203135
15.897222411 15.913467771
15.913477269 15.944251293
15.944268893 15.969819346
15.969846724 15.99959464
15.999613357 16.022108394
16.022132978 16.044954036
16.044961579 16.072985251
16.072996985 16.098842449
16.09889022 16.12513769
16.125160039 16.143362352
16.143380232 16.158066457
16.15807372 16.174544809
16.174559336 16.191408682
16.191420694 16.209452317
16.209466285 16.232070276
16.232098492 16.253305655
16.253332195 16.272129557
16.272144363 16.312294717
16.312302539 16.33097251
16.330989552 16.349802277
16.349811496 16.365713796
16.365722177 16.382056656
16.382075653 16.40427624
16.404285738 16.427982046
16.427999087 16.449159318
16.449177197 16.47183734
16.471854661 16.489329229
16.489345153 16.507124506
16.507150487 16.523818248
16.523837524 16.543343356
16.543353134 16.577325608
16.57734209 16.601050691
16.601071923 16.626369271
16.626386032 16.649764424
16.649775878 16.671383372
16.671398178 16.697444506
16.697471045 16.718240446
16.718268103 16.753275903
16.753294062 16.769715703
16.769726598 16.784498586
16.784512833 16.809905727
16.809997918 16.82077275
16.820797334 16.84682662
16.846836677 16.878969811
16.878987411 16.912326564
16.912337459 16.929706148
16.92971425 16.945472398
16.945481338 16.97000289
16.970038928 16.983043654
16.983059298 16.998134118
16.9981506 17.016024102
17.016032483 17.032549666
17.032559164 17.043827077
17.043838252 17.067747156
17.067761404 17.090494739
17.090519603 17.12101929
17.121035214 17.144053222
17.144062162 17.173772084
17.173794434 17.192907197
17.192930663 17.220422426
17.220436395 17.25671866
17.256734025 17.286387234
17.286395057 17.313985714
17.314010577 17.336922428
17.336930809 17.353318367
17.353328983 17.369908184
17.369925226 17.393660645
17.393729369 17.414214095
17.414223035 17.442035788
17.442067077 17.455065097
17.455077109 17.480225278
17.480247068 17.513450729
17.513465536 17.569009746
17.5690388 17.594847667
17.59487281 17.619240712
17.619262781 17.645531484
17.645649935 17.671197873
17.671302914 17.702004583
17.702019389 17.727906477
17.727922122 17.758505898
17.758619599 17.771636057
17.771648349 17.791796721
17.791804822 17.808791899
17.808801956 17.825203759
17.825217727 17.856753301
17.856772019 17.890109495
17.890135196 17.903618754
17.903628532 17.919753487
17.91976522 17.936374313
17.936383811 17.954439459
17.954457338 17.980703691
17.980718498 18.005339782
18.005352913 18.024993399
18.025003177 18.046389414
18.046505071 18.066186343
18.06620087 18.082424441
18.082454053 18.107584621
18.107623173 18.134210072
18.134218733 18.149561744
18.149572918 18.178030726
18.178039665 18.22108955
18.221106591 18.250063344
18.250098823 18.277731665
18.277748706 18.296990537
18.296999197 18.321805144
18.321818554 18.337941272
18.337949094 18.360221758
18.360243827 18.371320096
18.371329595 18.391803985
18.391811807 18.420262628
18.420288609 18.448187128
18.448212271 18.476500223
18.476519499 18.500102385
18.500113001 18.533201286
18.533211343 18.564500514
18.56452845 18.592084745
18.592102624 18.619536839
18.61961087 18.647584257
18.647606047 18.661202189
18.661216996 18.683363107
18.683373444 18.709817027
18.709827643 18.725957906
18.725972154 18.753169465
18.753196843 18.771198571
18.771207232 18.789264276
18.789274892 18.813850641
18.813859301 18.842306772
18.842314036 18.870409784
18.870465657 18.895115718
18.895139744 18.91801779
18.918033434 18.944822874
18.944874557 18.970758571
18.970844895 18.997563096
18.997580976 19.026058337
19.02607901 19.053193351
19.053276323 19.081152211
19.081224287 19.108451491
19.108467135 19.136348611
19.136467062 19.162008578
19.162121721 19.187536682
19.187632504 19.215586056
19.215623491 19.242559038
19.242586695 19.270399449
19.270455601 19.29642147
19.296439349 19.327609234
19.327636891 19.340343812
19.340353031 19.358245809
19.358265643 19.378574649
19.378607055 19.400023185
19.400034638 19.433034364
19.433052523 19.457946468
19.457964068 19.487453851
19.487480949 19.513812786
19.513831225 19.546366086
19.546373629 19.580528249
19.580556186 19.608423414
19.608540747 19.631487799
19.631497577 19.657200563
19.657210061 19.677044986
19.677055043 19.706170195
19.706187795 19.738291317
19.738322047 19.76375377
19.763780869 19.785723882
19.785732543 19.801395706
19.801403807 19.817544965
19.817571225 19.836501006
19.836522237 19.858916424
19.858933744 19.892018955
19.892046333 19.927352776
19.927380433 19.952302595
19.952310138 19.976546457
19.97656266 20.009715757
20.009743415 20.029181081
20.029197005 20.065142355
20.065159117 20.090779412
20.090800365 20.112582183
20.112607605 20.127539113
20.127549729 20.142303558
20.142312777 20.162407232
20.162424552 20.188387069
20.188401596 20.220565181
20.220584457 20.24723142
20.247245109 20.276327017
20.2763435 20.306050906
20.306065992 20.333970097
20.333978478 20.353611141
20.353639357 20.371134876
20.371154432 20.384586585
20.38459748 20.407252316
20.407261256 20.436226109
20.436233652 20.462975041
20.462996552 20.485134281
20.485149088 20.518652508
20.518667873 20.546127508
20.546152372 20.583502929
20.583519691 20.611409548
20.611418767 20.632004066
20.632022224 20.652018062
20.652034265 20.669576997
20.669585936 20.691066041
20.691083641 20.711293193
20.711307441 20.727161969
20.727182921 20.750207915
20.750218252 20.76920195
20.76921089 20.78350656
20.783524439 20.799873724
20.799970664 20.833165666
20.833193602 20.856373922
20.856389846 20.899051133
20.899066219 20.928496217
20.928510465 20.95009114
20.950107064 20.970462444
20.970478089 20.991349457
20.991358676 21.009915224
21.009958525 21.032371989
21.032380929 21.050784384
21.050813438 21.080406306
21.080428376 21.102349877
21.102367756 21.129048522
21.129065005 21.150656856
21.150667192 21.171909276
21.171921009 21.18881366
21.188837965 21.211349764
21.211361218 21.246302531
21.246310074 21.273547892
21.27356186 21.294018372
21.294032061 21.303969915
21.303982207 21.323858477
21.323878033 21.336836104
21.336846162 21.35355834
21.353573705 21.376402306
21.376421303 21.39868307
21.39870933 21.420914947
21.420940649 21.44441905
21.444436929 21.46758233
21.467601607 21.491847146
21.491863907 21.537023837
21.537040041 21.562026176
21.562044056 21.58540764
21.585436694 21.607767186
21.607781155 21.633080738
21.633088281 21.654578722
21.654603027 21.677938115
21.677957111 21.700428124
21.700442931 21.724546274
21.724556052 21.746647127
21.746657184 21.771625721
21.771636058 21.787933379
21.787941481 21.809684468
21.809702348 21.852235406
21.852244905 21.877548401
21.877573824 21.898919832
21.898937711 21.938619851
21.938641641 21.958902315
21.958919356 21.983085837
21.983102878 22.013453941
22.013471821 22.041787153
22.041812855 22.065370596
22.065394063 22.088830003
22.088848162 22.106295351
22.106322728 22.136197754
22.136222059 22.16026925
22.16028685 22.183864426
22.183889569 22.206092113
22.206115301 22.231856001
22.23186522 22.25120902
22.2512269 22.269905529
22.269984869 22.287663373
22.28768684 22.303663732
22.303675744 22.320343225
22.320359428 22.342416701
22.342441564 22.355442379
22.35546864 22.37035908
22.370366343 22.385734497
22.385747906 22.408191821
22.408206906 22.432838807
22.432848306 22.453673299
22.453701515 22.47292016
22.472937201 22.509478995
22.509510005 22.524227518
22.524237296 22.545165933
22.545184371 22.570708006
22.570736781 22.594787324
22.594805762 22.614981789
22.614993802 22.64044145
22.640466035 22.666503421
22.666514037 22.691325851
22.691340936 22.71296631
22.712980837 22.728703506
22.728714122 22.740370631
22.740380409 22.748603241
22.748610784 22.767225999
22.767236335 22.804362563
22.804432404 22.828672915
22.828709233 22.846022328
22.846048588 22.871285034
22.871307663 22.890971616
22.890979159 22.907408062
22.907418399 22.936426275
22.936433539 22.958319559
22.958428512 22.989690029
22.989706232 23.008775135
23.008782677 23.03486197
23.034872586 23.063143778
23.063171155 23.082766941
23.088340275 23.112258119
23.112294716 23.156664322
23.156708741 23.175122813
23.175141531 23.196441444
23.196457089 23.22368094
23.223691276 23.255886709
23.255902632 23.281305304
23.28132011 23.311071935
23.311081713 23.333499926
23.333512497 23.352994582
23.353002125 23.370854953
23.37086501 23.388622852
23.388641569 23.408735746
23.408745523 23.429787861
23.429811328 23.454974024
23.455012576 23.488016491
23.488040517 23.513671985
23.513686792 23.542206898
23.54222394 23.580808731
23.580838344 23.609975847
23.60998339 23.63615096
23.636172192 23.661603917
23.66162906 23.687032566
23.687040389 23.712957371
23.712977765 23.73813515
23.738149119 23.764998623
23.765009518 23.777322534
23.777331473 23.793276238
23.793285178 23.837166733
23.837180422 23.860160715
23.860188372 23.881194954
23.881211995 23.904022715
23.904044785 23.932746478
23.932806262 23.950414086
23.950431127 23.974464909
23.974565201 24.007697344
24.007714106 24.032926808
24.032953907 24.050304715
24.050319521 24.074207473
24.074216413 24.106322449
24.106356811 24.131751099
24.131770655 24.158958189
24.158977465 24.185876694
24.185915246 24.232328408
24.232343773 24.254980727
24.254997489 24.276207169
24.276243207 24.296851413
24.296865102 24.325715975
24.325745588 24.341890936
24.341900714 24.35861513
24.358629377 24.385560452
24.385575538 24.398695921
24.398721064 24.423910858
24.423925664 24.448381565
24.448406987 24.473010395
24.473027157 24.498632923
24.498649685 24.533290403
24.533307165 24.564936603
24.564953365 24.595270625
24.595288225 24.61508739
24.61510499 24.631553727
24.631563505 24.652340169
24.652354137 24.671069924
24.671076909 24.706387541
24.706415757 24.725068687
24.725103608 24.748050377
24.748060434 24.774808807
24.774818585 24.793688022
24.793701711 24.810780418
24.810788519 24.826837208
24.826846986 24.852344918
24.852361959 24.877957951
24.877985608 24.896996402
24.897008694 24.926469144
24.926482274 24.955802759
24.95583293 24.982240757
24.982255843 25.006530994
25.00655474 25.035549487
25.035564573 25.061281249
25.061296055 25.087380097
25.087391272 25.114343021
25.114367326 25.143429958
25.143438618 25.172774749
25.172789834 25.191877456
25.19188891 25.216444825
25.216461866 25.232511391
25.232520051 25.256914773
25.256930976 25.281287144
25.281312566 25.338919608
25.338934694 25.370497086
25.370516642 25.38847395
25.388503842 25.402685254
25.402699781 25.428099379
25.428125639 25.454031165
25.454047369 25.479603132
25.479618217 25.505934969
25.505959553 25.52798442
25.527995315 25.5437462
25.543762683 25.560593033
25.560605325 25.577125862
25.577141506 25.593311157
25.593327081 25.609702068
25.609719389 25.628166706
25.628184585 25.650846682
25.650864561 25.661665655
25.66168102 25.683512287
25.683524579 25.705682981
25.705699184 25.730836738
25.730859087 25.761084157
25.761106506 25.779818381
25.779826483 25.804153319
25.804167287 25.828495518
25.82852094 25.855302557
25.855326303 25.880023854
25.880046203 25.89723107
25.897238892 25.919531111
25.919548432 25.944744091
25.944768955 25.971869886
25.97189447 25.998972771
25.998987298 26.024720459
26.024729119 26.05348389
26.053498417 26.078691842
26.078707486 26.105377357
26.105388252 26.140623456
26.140632395 26.155979319
26.155995801 26.178949556
26.178976096 26.193720428
26.193736911 26.210171961
26.210259961 26.225912229
26.225920889 26.246138543
26.246231572 26.267658316
26.267673961 26.293244531
26.293267997 26.313752443
26.313781218 26.335149577
26.335163824 26.350674174
26.350683673 26.372633111
26.372643448 26.39779441
26.397809496 26.424542781
26.424564571 26.45049133
26.450507813 26.477804579
26.477818547 26.506721941
26.50674401 26.533029755
26.533055177 26.558659268
26.55866709 26.585730587
26.585747069 26.609614626
26.609637534 26.638025222
26.638046733 26.657038251
26.65705222 26.691430333
26.691495145 26.717363516
26.717378043 26.74089919
26.740924333 26.765538075
26.765621326 26.781738738
26.781780643 26.800566271
26.800574372 26.81026862
26.810347121 26.837645843
26.837701158 26.865156601
26.865178951 26.888186066
26.888213723 26.907328442
26.907342411 26.933185639
26.933203239 26.961728094
26.961742342 26.999180898
26.999198219 27.018507378
27.018517994 27.033952915
27.033962693 27.053397287
27.053408741 27.077915207
27.077929454 27.104344823
27.10435963 27.133201005
27.133223075 27.159900207
27.159915572 27.180091042
27.18010082 27.197186791
27.197201598 27.226007771
27.226035149 27.246067863
27.246106416 27.253089706
27.253109541 27.281461746
27.281490521 27.31416786
27.31418127 27.331328978
27.3313368 27.356508995
27.356516817 27.371247181
27.3712564 27.38786242
27.387871639 27.414649625
27.414665548 27.435143569
27.435169271 27.458083077
27.458091179 27.488406763
27.488420732 27.519831707
27.519856291 27.54646079
27.546483698 27.574433619
27.57445513 27.602186867
27.602202232 27.626473194
27.626490515 27.656530086
27.656582606 27.671937911
27.671963612 27.690634981
27.690722981 27.712562626
27.71257408 27.737311304
27.73732611 27.773461149
27.773474558 27.793999514
27.794006498 27.810672583
27.810684317 27.830156623
27.83016668 27.853169605
27.853197541 27.872559776
27.872573465 27.886288059
27.886295602 27.905308912
27.905325394 27.919687835
27.91969845 27.937639279
27.937649615 27.944548257
27.944554682 27.967975536
27.967989783 27.992206827
27.992225545 28.015052189
28.015066437 28.038716369
28.038793753 28.063336259
28.063354977 28.089162726
28.089176135 28.10372128
28.103735528 28.125918235
28.1259336 28.144191787
28.144201006 28.161598468
28.161618303 28.183725303
28.183746814 28.197989406
28.19800086 28.223715301
28.223729269 28.25404234
28.25409067 28.272581288
28.272720691 28.294446358
28.294459209 28.3179337
28.317948786 28.342505819
28.342554149 28.367309249
28.367331039 28.384172845
28.384187093 28.409799846
28.409814373 28.422603707
28.42261991 28.446909311
28.446917412 28.470884983
28.47089979 28.495547615
28.495570802 28.510664062
28.51067803 28.524602984
28.524612203 28.538890274
28.538902286 28.56130765
28.561317148 28.584012768
28.584026457 28.598504555
28.598513495 28.618758806
28.618772774 28.63755896
28.637567341 28.659742226
28.659758988 28.679826623
28.679907359 28.697316556
28.69732801 28.725734134
28.725746146 28.746926491
28.746938504 28.763416296
28.763426353 28.780601721
28.780615969 28.796639235
28.796655159 28.814410487
28.81442222 28.841489907
28.841508345 28.854417808
28.854435128 28.871761352
28.871770571 28.888864923
28.888878054 28.906010117
28.90601766 28.92250579
28.922512774 28.940127304
28.940136523 28.960835521
28.96084949 28.977734038
28.977873441 28.996243654
28.996252314 29.01443982
29.014455185 29.031684191
29.031701791 29.054663369
29.054677617 29.074044043
29.074054659 29.093013215
29.09302858 29.116058602
29.116071453 29.13971915
29.139732001 29.160894189
29.160905084 29.184866229
29.184875727 29.212346538
29.21235436 29.237336027
29.237351112 29.264143624
29.264160107 29.300364429
29.300377838 29.342433183
29.34250526 29.360304448
29.360311433 29.372869174
29.372877834 29.402641114
29.402716822 29.426658972
29.426677689 29.445893259
29.445906948 29.477217633
29.477257861 29.499696187
29.499708199 29.517673892
29.517687301 29.551906733
29.551927686 29.569979701
29.570000374 29.595439641
29.595451095 29.623437053
29.623444596 29.64446766
29.644488333 29.670189923
29.670200818 29.689590155
29.68960133 29.715868913
29.715876456 29.740391303
29.740404713 29.780977467
29.781057645 29.8023042
29.802318727 29.82271713
29.822732495 29.837722947
29.837737754 29.858676728
29.858688741 29.876550228
29.876560006 29.897764657
29.897783933 29.913426984
29.913438158 29.935380052
29.935392623 29.957221934
29.957233668 29.969691954
29.969706202 29.988004338
29.988021659 30.006611731
30.006624023 30.021764216
