0.007900726 0.04211904
0.042130494 0.085368672
0.085375656 0.114564562
0.114572105 0.157187017
0.157194001 0.176108696
0.17611596 0.194099531
0.194118248 0.223169146
0.223177806 0.252621215
0.252628757 0.271749622
0.271756886 0.290806234
0.290814057 0.309856142
0.309865361 0.332133274
0.332145287 0.367166778
0.36717488 0.390929573
0.390937675 0.408281501
0.408289602 0.444386648
0.44439447 0.467361634
0.467377558 0.484897383
0.484915822 0.50182635
0.501834731 0.523181578
0.523192194 0.539989301
0.540008298 0.583289777
0.583298158 0.611013691
0.611028498 0.629381947
0.629401223 0.655836148
0.655843132 0.694000774
0.694008596 0.716003292
0.716011952 0.733502164
0.733518646 0.756039944
0.756047766 0.775261382
0.77527535 0.802824382
0.802842541 0.83214347
0.832153528 0.850465633
0.850475411 0.869379489
0.869389546 0.909671202
0.909680701 0.947324591
0.947333252 0.977244036
0.977252697 0.990325588
0.99037755 1.030801122
1.030810341 1.049232236
1.049240058 1.06599498
1.066002523 1.083231808
1.083240748 1.106494541
1.106502643 1.141551232
1.141569111 1.162464783
1.162472885 1.181804393
1.181811936 1.20673689
1.206744153 1.247532019
1.247548501 1.273474982
1.273490906 1.285033433
1.285053548 1.299800115
1.299812407 1.315921438
1.315939597 1.359637607
1.359647106 1.37520495
1.375213331 1.391826895
1.391834718 1.411307863
1.411316244 1.431648436
1.431657096 1.469655502
1.469671985 1.491627847
1.49164377 1.508759634
1.508767456 1.532352854
1.532360397 1.568849672
1.568860009 1.588103237
1.588113015 1.608258592
1.608270046 1.62648549
1.626502252 1.650836351
1.650848364 1.685332356
1.685344648 1.707545513
1.707561158 1.723221526
1.723229348 1.742723448
1.742735181 1.785417701
1.785435022 1.80258301
1.80259614 1.818101743
1.818109845 1.838715255
1.83877923 1.869205166
1.869221369 1.901607049
1.901626325 1.928954658
1.928970023 1.949563424
1.949571246 1.969477407
1.96948523 2.010245438
2.010253819 2.031270455
2.031278836 2.050242141
2.050250522 2.071269115
2.071285039 2.09169266
2.091700762 2.126675877
2.126693477 2.158468465
2.158476567 2.179903872
2.179913929 2.19958654
2.199601067 2.234975116
2.234986011 2.254001837
2.254009938 2.273691489
2.273701825 2.294259746
2.294273715 2.314883876
2.314897006 2.357184783
2.357198752 2.378030728
2.378047769 2.392806069
2.392814171 2.410733488
2.410741589 2.427685921
2.427703521 2.464801253
2.464808237 2.48391318
2.483931898 2.506330832
2.506348432 2.531586837
2.531594659 2.569533001
2.569543617 2.59246217
2.592480329 2.609154517
2.609164295 2.636746292
2.63675579 2.656661391
2.656677594 2.684372455
2.684380557 2.708297005
2.708305107 2.73386897
2.733928754 2.761466332
2.76148477 2.778576328
2.77859309 2.831985071
2.83200323 2.850051334
2.850066699 2.866721609
2.86672999 2.884061801
2.884069623 2.942468946
2.942477885 2.97413526
2.974142803 2.99277087
2.992779251 3.009088307
3.009096129 3.0379213
3.037931916 3.069833178
3.069840163 3.103179314
3.103187695 3.121650099
3.121663787 3.138373174
3.138388819 3.171911514
3.171928835 3.204946161
3.205053996 3.223229209
3.22323731 3.254123081
3.254199069 3.266941468
3.266961024 3.286471605
3.286488646 3.313418047
3.313432294 3.351866788
3.351877683 3.383083045
3.383093382 3.400671316
3.400679138 3.449606584
3.449614127 3.467791857
3.467800238 3.483605598
3.483617331 3.501619341
3.501634427 3.548286445
3.548293988 3.5668402
3.566848301 3.584720125
3.584730183 3.603167162
3.603175823 3.630804754
3.630817605 3.663897786
3.663915945 3.697642298
3.697651517 3.718704472
3.718713412 3.734222088
3.734269859 3.763988719
3.764005201 3.784632405
3.784650285 3.802392764
3.802400586 3.818533919
3.818550681 3.836774228
3.836790432 3.871955235
3.871962778 3.893245651
3.893257384 3.91019976
3.91020842 3.927764842
3.927809541 3.950127181
3.950213784 3.984434614
3.984450818 4.015058338
4.015073424 4.035911269
4.03591965 4.052079245
4.052094889 4.089852202
4.089861701 4.109168904
4.109177565 4.125659546
4.125671838 4.1473908
4.147398622 4.167385519
4.167393621 4.203282819
4.20330014 4.217177324
4.217193806 4.23496422
4.234972322 4.251592591
4.251606838 4.270475438
4.270493318 4.305726007
4.305743887 4.323868258
4.323921896 4.342000449
4.342028665 4.354059804
4.354082153 4.378608455
4.378625217 4.402259227
4.40227543 4.434046507
4.43406243 4.451690368
4.451706013 4.469745178
4.469761381 4.507620662
4.507637703 4.536568754
4.536670722 4.563825013
4.563839539 4.575731273
4.575747197 4.615465654
4.615501413 4.63546987
4.635486632 4.653409582
4.653426344 4.676519223
4.676527045 4.70417134
4.704181118 4.726718061
4.726739014 4.742756412
4.742773173 4.779131427
4.779141204 4.797307479
4.797315581 4.835528537
4.835536918 4.859315919
4.859331564 4.876515031
4.876527603 4.893278058
4.893287277 4.910316256
4.910327989 4.949799485
4.949809542 4.968433698
4.968447387 5.007604878
5.007620802 5.027152054
5.027166581 5.06609611
5.06611371 5.101998159
5.102014362 5.111850249
5.111857234 5.132714074
5.132721058 5.150902978
5.15091108 5.195612571
5.195627377 5.220222403
5.220240283 5.239067255
5.239086811 5.266709876
5.266728035 5.30479209
5.304808293 5.326159889
5.326176651 5.344311358
5.34439405 5.363459602
5.363474129 5.399925968
5.399947759 5.418052016
5.418068219 5.437599472
5.437616792 5.45684745
5.456904161 5.488061751
5.488078792 5.518588257
5.51860474 5.536829122
5.536846163 5.553437658
5.55344995 5.572075222
5.572090587 5.605740675
5.60575576 5.635817682
5.635825783 5.65425075
5.654308858 5.683768189
5.683784951 5.704406006
5.70441746 5.720958111
5.720965933 5.750339499
5.750355423 5.777541559
5.77758961 5.795168381
5.795223415 5.83631076
5.836381998 5.86503592
5.86505324 5.884131921
5.884146448 5.913370834
5.913378656 5.947165352
5.947184907 5.96603954
5.966059933 6.00578649
6.005804649 6.032242645
6.032257451 6.051162368
6.051176895 6.063279831
6.063298827 6.084178575
6.08419841 6.117021298
6.117036383 6.159621684
6.159633138 6.184280404
6.184289902 6.202287443
6.202302808 6.246974407
6.246984464 6.276447425
6.276458321 6.296954502
6.296969867 6.330572182
6.330579445 6.344502164
6.344517529 6.39089996
6.390915326 6.401502706
6.40150969 6.419322288
6.419335698 6.447766965
6.447775905 6.462004249
6.462015424 6.505337969
6.505355569 6.534621859
6.5346917 6.560628796
6.560644999 6.578603705
6.578622981 6.607552078
6.60756884 6.643551066
6.643559726 6.668135476
6.668145254 6.686839807
6.686849305 6.709858935
6.70986983 6.743748438
6.743755701 6.776241115
6.776248658 6.792121065
6.792128328 6.810848027
6.810858643 6.853103117
6.853111219 6.877951528
6.877959629 6.893128876
6.893141168 6.910440572
6.910452026 6.937418024
6.937428081 6.969126524
6.969134626 6.989183261
6.98920561 7.013393882
7.013401145 7.038366887
7.038375547 7.069743781
7.069758308 7.089085903
7.089100709 7.109072522
7.109081182 7.132360956
7.132376321 7.169364542
7.169380186 7.196142527
7.196159009 7.208438502
7.208445765 7.234101262
7.234108805 7.270310052
7.270317595 7.294991962
7.29500174 7.310345309
7.310360395 7.329397173
7.329404995 7.371650866
7.37166679 7.396188902
7.396206222 7.410451608
7.410458592 7.428105807
7.428115026 7.45352887
7.453551778 7.494514526
7.494531567 7.519973628
7.519994301 7.537120779
7.537136983 7.557070802
7.557129748 7.599120838
7.599138718 7.617129272
7.619906161 7.640322443
7.640333618 7.656975956
7.656989366 7.676013292
7.676028657 7.71088169
7.710897894 7.735712221
7.73572116 7.756566266
7.756578558 7.778385801
7.778402842 7.810466693
7.810481778 7.819760052
7.819777373 7.837726025
7.837743345 7.860271905
7.860328058 7.878794372
7.878806384 7.907979925
7.907998922 7.925879406
7.925895888 7.939541198
7.939557681 7.957762509
7.957801061 7.977360531
7.977382042 8.012022478
8.012029741 8.037719598
8.037736919 8.048459511
8.048476552 8.071134179
8.071150662 8.086435008
8.086449535 8.111674529
8.111681792 8.127234048
8.127241311 8.154705137
8.154712959 8.17604081
8.176057013 8.196833117
8.196841777 8.227803255
8.227810518 8.252490749
8.25249885 8.284877548
8.284885371 8.304063226
8.304081943 8.340946405
8.340955345 8.355704705
8.355713086 8.372779222
8.372787044 8.405095061
8.405111823 8.454102127
8.45410967 8.470172047
8.470182663 8.495360444
8.495375809 8.533004056
8.533012157 8.550839841
8.550850457 8.56962491
8.569652567 8.596564088
8.596581688 8.628059153
8.628074798 8.649056513
8.649066291 8.669170524
8.669183095 8.700363035
8.700382311 8.718217539
8.718233184 8.735779826
8.735793515 8.76284472
8.762855056 8.785916086
8.785924188 8.80439134
8.804398604 8.835538315
8.835552842 8.85217367
8.852188756 8.870814028
8.870893647 8.887571745
8.887586831 8.917004815
8.917020738 8.948233364
8.948240627 8.965594511
8.965602053 8.987166805
8.9871777 9.03416831
9.034175294 9.066156453
9.066164554 9.084971136
9.084986221 9.100830691
9.10083991 9.13060822
9.130615763 9.165509584
9.165530257 9.181042562
9.181059324 9.205331963
9.205347887 9.221628167
9.221637386 9.264161785
9.264177709 9.282640392
9.282657992 9.299758489
9.299817156 9.31606559
9.316075647 9.337170507
9.337224703 9.369266206
9.369281851 9.40632371
9.406341868 9.426760663
9.42677519 9.445159372
9.445166915 9.471166308
9.471181673 9.510459291
9.51047745 9.527836637
9.527876866 9.545957377
9.545966596 9.590449066
9.590458286 9.614067152
9.614083076 9.632215547
9.632231191 9.646918813
9.646926356 9.66920768
9.669215781 9.702904979
9.702921741 9.72189594
9.72190488 9.736192171
9.736200831 9.757144275
9.757153494 9.768719488
9.76873653 9.781480887
9.781488989 9.821809756
9.821817019 9.844744236
9.844756528 9.870419286
9.870434372 9.887011897
9.887032011 9.910955442
9.91096522 9.949615664
9.949633264 9.970033063
9.97004787 10.009693133
10.009700675 10.038350685
10.038358507 10.071970042
10.071977585 10.094392445
10.094399988 10.113401285
10.113408828 10.129866227
10.129880195 10.147518749
10.14752741 10.186962588
10.186970131 10.214095367
10.214113246 10.232757237
10.232767853 10.255272388
10.255291106 10.278625077
10.27863262 10.301435238
10.301448927 10.320636283
10.320656118 10.345821328
10.34582887 10.355595194
10.355616146 10.391115351
10.391132393 10.4132975
10.41331538 10.434360513
10.434372805 10.458489837
10.458498497 10.480729814
10.480739592 10.515281971
10.515290073 10.535224729
10.53526831 10.561113493
10.561134166 10.582750602
10.582769599 10.600884191
10.600898998 10.620508752
10.620516574 10.652119193
10.652126736 10.671701851
10.671718334 10.68665878
10.686666322 10.722935737
10.72294747 10.74388393
10.743899295 10.763592579
10.763603474 10.780771301
10.780778285 10.803742096
10.803750198 10.836224716
10.836240081 10.851306522
10.851315182 10.869371946
10.869379768 10.885578195
10.885585738 10.917144777
10.917168802 10.933487078
10.933551891 10.962032885
10.96204406 10.976846778
10.976862144 10.996326069
10.996346742 11.01958126
11.019594391 11.056707766
11.056725366 11.070256695
11.070272619 11.087390157
11.087404684 11.109216953
11.109225614 11.12739189
11.127401109 11.165857951
11.165874154 11.185552076
11.185560736 11.203803277
11.203811378 11.228405006
11.228415622 11.271956073
11.271965571 11.289728722
11.289776494 11.319682808
11.31969957 11.339122431
11.339134723 11.365162333
11.365169876 11.395129549
11.395148825 11.417475406
11.417492447 11.433982811
11.434002366 11.469542638
11.46955493 11.497724153
11.497744267 11.518217259
11.518224243 11.537784272
11.537800475 11.567799818
11.567817418 11.603473067
11.603481168 11.620305654
11.620313755 11.63864765
11.63865631 11.661843335
11.661856186 11.679358969
11.679369026 11.710940636
11.710947899 11.728897389
11.728905211 11.745286343
11.745294165 11.770096479
11.770104859 11.788019148
11.788028088 11.81500079
11.815009171 11.834510531
11.834518074 11.85337103
11.853386954 11.883537713
11.883588278 11.911653855
11.911668103 11.937628665
11.93763984 11.956942852
11.956955423 11.979791566
11.979804417 12.011060345
12.011075989 12.029706011
12.029723052 12.047980678
12.047996043 12.064581672
12.064615755 12.09253718
12.092553104 12.123379089
12.123388029 12.14817861
12.148194813 12.163913011
12.163930332 12.187260671
12.187268772 12.220506237
12.220516015 12.238654354
12.238670837 12.263416161
12.263423704 12.28731864
12.28733624 12.334083522
12.334092462 12.352148387
12.352157606 12.372843198
12.372852137 12.388758069
12.388774272 12.431179941
12.431192513 12.46115023
12.461165875 12.480856925
12.480874246 12.502327531
12.502346807 12.525391914
12.52541119 12.541963575
12.541987041 12.570316061
12.570333381 12.587983948
12.587998754 12.604019505
12.604030121 12.62411368
12.624130162 12.664556808
12.664567145 12.69132306
12.691331161 12.715933729
12.715944066 12.731837146
12.731851673 12.753517277
12.753534039 12.785678347
12.78568589 12.805108192
12.805126351 12.819943037
12.819954212 12.839731306
12.839738849 12.869128059
12.869144262 12.893868634
12.893885117 12.916786073
12.91680926 12.93390389
12.933926239 12.955963397
12.955978203 12.979213839
12.979228087 13.009040535
13.009055621 13.028257502
13.028301362 13.044458723
13.044469619 13.061193532
13.061210573 13.097199505
13.097216267 13.119249514
13.119265717 13.157358827
13.157368605 13.177833216
13.177846346 13.196426641
13.196442006 13.227877845
13.227885109 13.2519052
13.25191861 13.278044836
13.278053776 13.317815532
13.317823354 13.345865466
13.34588558 13.366590447
13.366605812 13.38506151
13.385075199 13.413441653
13.413456459 13.449891817
13.44989936 13.466937558
13.466988123 13.486273534
13.486282194 13.516830212
13.516848091 13.550366038
13.55037414 13.567299475
13.567315958 13.58579205
13.585808253 13.602823264
13.602841143 13.63205072
13.632068041 13.666396707
13.666413469 13.690483568
13.690501447 13.704699899
13.70470856 13.733716435
13.733741578 13.760992249
13.76100091 13.791431592
13.791440532 13.810781818
13.810791875 13.826391901
13.826406987 13.845741568
13.845754139 13.874871527
13.874880746 13.892010018
13.892071478 13.908727226
13.908735049 13.925954277
13.925963775 13.945434406
13.945442228 13.977300747
13.977309128 13.994006221
13.994013764 14.013146364
14.013184357 14.042244755
14.042301745 14.07012651
14.070134053 14.092794756
14.092817105 14.113057945
14.113092866 14.128121032
14.128130809 14.162025341
14.162035398 14.190248202
14.190269154 14.206846122
14.206856738 14.22294733
14.222955431 14.243823167
14.243830989 14.263889964
14.263901977 14.286549269
14.286559326 14.314422085
14.314438288 14.331243216
14.331259978 14.355130889
14.355146254 14.387139427
14.387159261 14.404231264
14.404239366 14.423289273
14.423302682 14.439864563
14.439873223 14.469244555
14.469254332 14.502395696
14.502414692 14.519419367
14.519437247 14.539970304
14.539982875 14.562332643
14.562349684 14.582937496
14.582945877 14.607398984
14.607412114 14.62757166
14.62758954 14.645483154
14.645499637 14.679888365
14.679907083 14.695786755
14.695803797 14.712536928
14.71254475 14.730283038
14.730290581 14.746623384
14.746631206 14.785853509
14.78586161 14.819083431
14.819102148 14.836878989
14.83689631 14.858419994
14.858427537 14.893336723
14.893345663 14.926538708
14.926556029 14.943774697
14.943792855 14.960552249
14.960567335 14.978335235
14.978350321 14.996788977
14.996797637 15.019617856
15.019626237 15.048400844
15.048416768 15.066621316
15.066630814 15.088028507
15.08803577 15.106148128
15.106155391 15.135815865
15.135823687 15.157007385
15.157063537 15.175451069
15.17546839 15.19204424
15.192060164 15.224053057
15.22406507 15.246146089
15.246154469 15.262057886
15.262066267 15.278164125
15.278181166 15.311915062
15.311932103 15.336333248
15.336348334 15.357937391
15.35795974 15.375608352
15.37563126 15.390042589
15.390057116 15.415312001
15.415324852 15.443655827
15.443679015 15.466575501
15.46659366 15.484217407
15.484236683 15.504640953
15.504662743 15.550317988
15.550333632 15.572533659
15.572551539 15.591093841
15.591110602 15.611557055
15.61157242 15.645388172
15.645405213 15.669875362
15.669892403 15.697461549
15.697477194 15.708955747
15.708964966 15.725589705
15.725598924 15.753162763
15.753182318 15.781890995
15.781906081 15.800106996
15.800115098 15.818354288
15.818368535 15.836440665
15.836448766 15.884134715
15.884142816 15.917586453
15.917595393 15.950033594
15.950059296 15.977874563
15.977890766 16.002453384
16.002475734 16.030008563
16.030023928 16.048102761
16.048110024 16.067069418
16.067076961 16.093678387
16.093697105 16.121597019
16.121607076 16.157468616
16.157483422 16.176406219
16.176417394 16.196212367
16.196229129 16.245515839
16.24552422 16.262430839
16.262524706 16.279357013
16.279374333 16.302478109
16.302494871 16.321327431
16.321345311 16.337995191
16.338011115 16.370320529
16.37033757 16.386547452
16.386564772 16.407328305
16.407337524 16.439308347
16.439326785 16.457538597
16.457546978 16.481803692
16.481850346 16.504248165
16.504262133 16.52013538
16.520146275 16.560030394
16.560037937 16.57433333
16.574350092 16.597941079
16.597955326 16.628059152
16.628076473 16.641050189
16.641070862 16.672027031
16.672043234 16.689688494
16.689703859 16.705323721
16.705339365 16.730747063
16.730754606 16.751784096
16.751791918 16.777212747
16.777230906 16.813839747
16.81384729 16.831830582
16.831847064 16.848783854
16.848801454 16.867000414
16.867016338 16.903051924
16.903072038 16.937301808
16.937311027 16.957735969
16.957752172 16.974952962
16.974967769 17.017753653
17.017769856 17.037757033
17.037772398 17.054102128
17.054163867 17.07116044
17.071207373 17.08763963
17.087696621 17.105395517
17.105412 17.146283396
17.146300158 17.168285074
17.168301278 17.216041982
17.216053995 17.236622532
17.236638735 17.24951579
17.249534228 17.266203386
17.266214561 17.296014717
17.296023657 17.314702845
17.314721842 17.333631789
17.333641566 17.355144299
17.355161899 17.370471666
17.370478929 17.395641066
17.395648609 17.412926224
17.412937957 17.429378035
17.429395914 17.461350533
17.461367854 17.480878715
17.480941293 17.500051821
17.500068862 17.518270898
17.518287939 17.536467902
17.536484944 17.555372539
17.55538986 17.594973382
17.594985674 17.614753272
17.614761653 17.633109236
17.633121248 17.669271374
17.669279196 17.694689129
17.694703377 17.720070008
17.720077551 17.738177896
17.738191026 17.755163296
17.75517922 17.773490206
17.773506968 17.814097322
17.814114084 17.83449349
17.834501312 17.85421499
17.854225327 17.885923211
17.885941369 17.913154045
17.913164102 17.936414544
17.93643382 17.95572454
17.955739067 17.972664402
17.972672224 17.997455822
17.997469231 18.014293995
18.014302935 18.042420754
18.042484729 18.066843411
18.066860452 18.086145026
18.086201737 18.106402071
18.10641129 18.143042201
18.143049744 18.164973481
18.164984097 18.184195476
18.184204695 18.203501004
18.203508267 18.222770771
18.22283251 18.256521429
18.256530648 18.275526637
18.27554312 18.294703935
18.294711757 18.314474884
18.314492484 18.352077427
18.35208525 18.371888606
18.371901177 18.392351262
18.392361878 18.410839366
18.410849143 18.444203941
18.444220424 18.475856847
18.47587305 18.50075694
18.500777054 18.52799392
18.528001463 18.548566087
18.548581732 18.565830015
18.565878345 18.588022499
18.588034233 18.608509181
18.608516444 18.624815444
18.624823546 18.654878482
18.654886025 18.680930118
18.680948835 18.695717192
18.695779211 18.713099848
18.71310767 18.728790112
18.72879961 18.74720977
18.747219827 18.772217976
18.772228033 18.798503999
18.798519923 18.825502683
18.825518327 18.849327218
18.849346773 18.872705889
18.872717064 18.906525549
18.9065384 18.925337159
18.925353921 18.945677174
18.945696729 18.988187325
18.988194868 19.018523024
19.018531684 19.042930037
19.04294652 19.06287922
19.062887601 19.08906104
19.089083948 19.106091415
19.106099238 19.130224371
19.130232194 19.152367689
19.152385009 19.174611298
19.1746194 19.196253154
19.196260976 19.225676727
19.225684828 19.238459916
19.238473884 19.268535526
19.268552288 19.285207757
19.285249103 19.29891704
19.298932685 19.330297285
19.330313768 19.355734876
19.355742419 19.371789431
19.371805075 19.388148213
19.388156314 19.416175518
19.41618362 19.44625923
19.446270964 19.468818243
19.468827462 19.487458043
19.487471731 19.507564788
19.507610045 19.533085629
19.533095966 19.557899118
19.557909734 19.576802359
19.576818282 19.596570513
19.59665572 19.623617526
19.623627863 19.657840592
19.657848135 19.679792822
19.679812657 19.696831021
19.696838843 19.71343397
19.713450453 19.753607511
19.753629022 19.773287107
19.773296606 19.788938817
19.788946081 19.809708775
19.809734477 19.829903241
19.829919165 19.856289277
19.856297658 19.883435744
19.883445801 19.905819315
19.905838871 19.92373025
19.923782212 19.948534519
19.948582011 19.964660312
19.964678751 19.997272837
19.997290437 20.012715861
20.0127248 20.032301591
20.032318353 20.072514522
20.0725243 20.100420582
20.100428125 20.119981729
20.119997094 20.137487027
20.137497084 20.172461583
20.172468847 20.198979758
20.198991212 20.218026033
20.218041678 20.236959724
20.236966708 20.273079958
20.273097558 20.290033789
20.290043287 20.314382973
20.314394148 20.329341578
20.329357781 20.346526443
20.346542926 20.373220618
20.373236263 20.389404798
20.389420443 20.414040052
20.414047874 20.429515483
20.42952554 20.446790583
20.446808183 20.473088339
20.473151755 20.497333878
20.497354831 20.518363087
20.518380687 20.538073694
20.538087103 20.555321974
20.555331752 20.574300084
20.574308465 20.606244089
20.606256101 20.630419507
20.63042705 20.647019663
20.647026647 20.665056871
20.665072236 20.683434067
20.683443844 20.704805779
20.704824496 20.730391153
20.730407077 20.750863307
20.750883701 20.783605737
20.78361328 20.805740673
20.805758273 20.827688713
20.827696535 20.847965872
20.847980679 20.872667895
20.872684378 20.889429522
20.8894393 20.915910541
20.915929537 20.939509908
20.939527788 20.95700096
20.95701828 20.983949077
20.983966956 21.0148639
21.014872281 21.041528183
21.041544666 21.05924915
21.059263397 21.082115743
21.082127755 21.091295122
21.091309649 21.114658147
21.114665411 21.132421857
21.132441692 21.151647485
21.151655587 21.183588137
21.183596797 21.213141614
21.213153906 21.23225298
21.232268624 21.250332654
21.25034299 21.27687681
21.276893851 21.29396697
21.293980938 21.314055276
21.314063099 21.340460588
21.340468131 21.35708421
21.357093429 21.386104099
21.386119744 21.414840433
21.414852725 21.438071598
21.438081655 21.457631905
21.457640844 21.482856339
21.482865279 21.518357779
21.518372306 21.530605705
21.530612969 21.548586202
21.548633695 21.578541127
21.578582193 21.593232937
21.593241598 21.621900827
21.621916471 21.644131865
21.644148627 21.667199322
21.667209659 21.688848443
21.688865763 21.706107618
21.706124101 21.731094873
21.731111914 21.753929061
21.753937721 21.777197102
21.777213025 21.79761925
21.797635732 21.828396625
21.828413107 21.84190337
21.841923484 21.862629747
21.862647627 21.875844554
21.875861875 21.927604205
21.927621526 21.941042786
21.941060386 21.956153923
21.956213428 21.981354334
21.981363273 22.001143161
22.001150983 22.023781792
22.023789056 22.058613314
22.058620857 22.086672746
22.086687832 22.105294387
22.105304444 22.128041412
22.128061806 22.158516794
22.158532998 22.18521516
22.185222982 22.205333638
22.205345371 22.226184053
22.226199418 22.264747055
22.264758229 22.29304283
22.293060988 22.320027265
22.320047658 22.341464627
22.341486139 22.381495133
22.381545698 22.404135161
22.404149409 22.423375316
22.423382579 22.440548449
22.440555712 22.498871783
22.498883796 22.516340204
22.516349423 22.544167484
22.544175027 22.567840325
22.567859042 22.59348297
22.59350057 22.625172752
22.62519566 22.64498756
22.645097909 22.668474064
22.668489988 22.694875744
22.694931897 22.724171087
22.72417891 22.745771879
22.745788361 22.763777518
22.763794559 22.796060392
22.796077154 22.822558453
22.822576053 22.843041223
22.843059103 22.864552616
22.864562673 22.880495704
22.880508555 22.899746195
22.899758767 22.932052535
22.932060916 22.952832832
22.952850711 22.972365201
22.972380008 22.987590601
22.987608201 23.016246477
23.016264636 23.039574861
23.039592461 23.057586368
23.057640006 23.076914524
23.076932682 23.106308762
23.106316584 23.142674836
23.142687407 23.163844007
23.163861607 23.182738028
23.182782727 23.201447948
23.201461637 23.223669768
23.223677869 23.248687473
23.248704235 23.271131665
23.27114731 23.289109648
23.289164963 23.307896673
23.307912318 23.340292689
23.340331521 23.374778078
23.374797913 23.396763833
23.396781154 23.416381131
23.416389233 23.444235509
23.444243052 23.474318104
23.474325647 23.497362374
23.497371872 23.513664445
23.51368428 23.54288408
23.542903356 23.563431664
23.563442 23.584403883
23.584411146 23.6050512
23.60506433 23.624068699
23.624085461 23.652729327
23.65273687 23.665551067
23.66577847 23.692675744
23.692691668 23.706553206
23.70656047 23.722445449
23.722455227 23.740751128
23.740760627 23.767207843
23.767227119 23.78932462
23.789340824 23.815788877
23.815812623 23.839148829
23.839166429 23.874446891
23.874503044 23.900209942
23.900226983 23.924915037
23.92493152 23.948121058
23.94812916 23.978870498
23.978888098 24.010073626
24.010114972 24.025355456
24.025368027 24.045225859
24.045233402 24.078741012
24.078749393 24.106210146
24.106221879 24.12369477
24.123710973 24.147984729
24.147996182 24.170963347
24.170982624 24.192683705
24.192697953 24.227058465
24.227076065 24.251910227
24.251920843 24.273692884
24.273706015 24.308497586
24.308518539 24.336112269
24.336128472 24.358950089
24.35895819 24.379044822
24.379059908 24.400227681
24.400244722 24.427566072
24.427579482 24.457435511
24.457443892 24.474091817
24.474102433 24.494261142
24.494273434 24.532980308
24.532995114 24.556113136
24.556120399 24.572889012
24.572896834 24.588870931
24.58887987 24.616219378
24.616229155 24.651425529
24.651432793 24.671153734
24.671166585 24.691932354
24.691941293 24.716118108
24.716157499 24.7327814
24.732791457 24.774389202
24.774396745 24.794690664
24.794707147 24.815881627
24.815891125 24.84117255
24.841180093 24.857755664
24.857767118 24.887953076
24.887968441 24.912839201
24.912857359 24.932237196
24.932245018 24.971494979
24.971503639 24.994800455
24.994807998 25.010844115
25.010853055 25.049144792
25.049175802 25.075564071
25.075573011 25.092366766
25.092383249 25.10911219
25.109121689 25.125958745
25.125971316 25.149154152
25.149163371 25.18146133
25.181471108 25.201536227
25.201550475 25.225787633
25.225806071 25.247811103
25.247828424 25.290341648
25.290360645 25.308438641
25.308455403 25.328208472
25.328226351 25.348405173
25.348421377 25.378360936
25.378375742 25.406284317
25.406306945 25.426998682
25.427018517 25.45253796
25.452550252 25.475991221
25.476009379 25.499499516
25.499511529 25.515794603
25.515802145 25.540828513
25.540838291 25.556936984
25.556945644 25.575391284
25.575409443 25.615808153
25.61582268 25.633909336
25.633919393 25.663848057
25.663865657 25.68695714
25.686967476 25.7252567
25.725271227 25.753443244
25.753456653 25.774167665
25.774185544 25.788426181
25.788444899 25.80747525
25.807489498 25.841034544
25.841042925 25.864657658
25.86468308 25.883342713
25.883385176 25.901136038
25.90114386 25.931513082
25.931523978 25.958090203
25.958107524 25.981899933
25.981919489 26.01216188
26.01217026 26.024983062
26.024999824 26.052511699
26.052519242 26.073849049
26.073856592 26.096907287
26.09691455 26.115335049
26.115344826 26.145107268
26.145125147 26.173492719
26.173508922 26.187276314
26.187284695 26.217648052
26.217665093 26.231718555
26.231727494 26.251505986
26.251513529 26.290091616
26.290099438 26.313767251
26.313778984 26.342630137
26.342637401 26.387506511
26.387513775 26.412159086
26.412172495 26.442669109
26.442678887 26.461460044
26.461467308 26.486007856
26.486017914 26.513853295
26.513869219 26.539338378
26.539345641 26.557726191
26.557738762 26.573492998
26.573502217 26.604728533
26.604739428 26.633782504
26.633798987 26.653755713
26.653771357 26.683132072
26.683152465 26.714453092
26.714469295 26.740827953
26.740835496 26.754385822
26.754402025 26.777912275
26.777960047 26.817770693
26.817819023 26.84035429
26.840362112 26.866145277
26.866164833 26.880638739
26.880658294 26.900627593
26.900644355 26.926907469
26.926926745 26.958824933
26.958838063 26.984050764
26.984059425 27.001840735
27.001851071 27.044543648
27.044564042 27.061344666
27.061354444 27.077519908
27.077531641 27.098896646
27.098904748 27.115646819
27.115654082 27.133130048
27.133137311 27.151076183
27.151084284 27.18296152
27.182978561 27.203438983
27.203453789 27.224321245
27.22433689 27.251055929
27.251074367 27.284334738
27.284349265 27.309208571
27.30921779 27.326143126
27.326159888 27.350757427
27.350765808 27.381861101
27.381880377 27.400507884
27.400521853 27.416400127
27.416410464 27.444244727
27.444252829 27.461622914
27.461631295 27.494533242
27.494542461 27.510733905
27.510747315 27.525788052
27.525795595 27.552342544
27.552349807 27.572526395
27.572538408 27.599626488
27.599634869 27.618413512
27.618428598 27.635074288
27.635133513 27.661112234
27.66113626 27.691478664
27.691487603 27.707452482
27.707459746 27.724915875
27.724928446 27.741198111
27.741208168 27.759497365
27.759514965 27.793038499
27.793055261 27.807316571
27.807334729 27.824859582
27.824868242 27.84177989
27.841793299 27.86671602
27.86673362 27.891483692
27.891504924 27.916934693
27.91694447 27.933842987
27.933860028 27.951311687
27.951328729 27.977667831
27.97767677 28.004781333
28.004799491 28.02273501
28.022753169 28.03845321
28.038470251 28.06043673
28.060452653 28.091874803
28.091891565 28.107050476
28.107068634 28.126145919
28.126160446 28.142513643
28.142521185 28.171197456
28.171215614 28.199668392
28.199687389 28.232739076
28.232758632 28.253940094
28.253947916 28.290203921
28.290210905 28.320256903
28.320264445 28.345211192
28.345218735 28.365693683
28.365702623 28.384557532
28.384635475 28.431767723
28.431785323 28.449618595
28.449635916 28.466833073
28.466849556 28.497299794
28.497319909 28.524713334
28.52472423 28.548746278
28.548755776 28.578163424
28.578171526 28.597988849
28.59799751 28.645706087
28.645723407 28.668816845
28.668833607 28.687645496
28.687661419 28.704932329
28.704949929 28.74732822
28.747335483 28.774157328
28.77417437 28.791807616
28.791826893 28.809922488
28.809929752 28.847870048
28.84788234 28.881712059
28.881722396 28.899077953
28.899091642 28.918026172
28.918039861 28.937057082
28.937081108 28.972757429
28.972764134 29.004754513
29.004767923 29.027554617
29.027581436 29.040235559
29.040242822 29.064505682
29.064556527 29.095335579
29.095389496 29.118939975
29.118950032 29.153501909
29.153509173 29.171986661
29.172002865 29.215198019
29.215205562 29.24080267
29.240814683 29.254733212
29.254750812 29.272138496
29.272153023 29.305736621
29.305746957 29.337297336
29.33730879 29.362058584
29.362071155 29.383251501
29.38326519 29.402283249
29.402292748 29.419236242
29.419243785 29.442262074
29.442274366 29.467498241
29.467509416 29.495324683
29.495335299 29.519326895
29.519336673 29.551608093
29.551615915 29.573223411
29.573230954 29.591494168
29.591501431 29.611560406
29.611572418 29.638985679
29.638993781 29.666291384
29.666303956 29.690381597
29.690394448 29.717014592
29.717023252 29.742499394
29.742513363 29.767959334
29.767972464 29.792331425
29.792339806 29.808059402
29.808066107 29.837777983
29.837791393 29.866048896
29.866061188 29.884519119
29.884526383 29.90330419
29.903315644 29.941052842
29.941065693 29.962404159
29.962416451 29.979192046
29.979199589 30.013029308
