0.016616638 0.035675763
0.035704538 0.052226471
0.052237925 0.09210221
0.09211534 0.108307899
0.108314604 0.138058608
0.138065592 0.178904861
0.178914918 0.191042996
0.191056127 0.208077004
0.208087061 0.233933084
0.233945655 0.253161785
0.253174357 0.283206386
0.283219796 0.300142616
0.300155467 0.316256117
0.316262542 0.34751372
0.347529365 0.364043755
0.364052415 0.382587173
0.382600303 0.400062578
0.4000704 0.416636193
0.416645971 0.433113985
0.433124601 0.451112642
0.451121302 0.477412911
0.477419895 0.500066909
0.500078083 0.516407253
0.516416472 0.54533132
0.545345008 0.575044594
0.575074486 0.592667784
0.59277981 0.614209908
0.614221362 0.633876373
0.633887827 0.672095197
0.67216895 0.691080291
0.691092024 0.70845289
0.708459316 0.725769895
0.725777158 0.743603169
0.743618534 0.781272759
0.781279464 0.809098363
0.809106744 0.834654125
0.834661388 0.850562852
0.850576261 0.891157116
0.891165218 0.914503101
0.914509526 0.93440591
0.934418761 0.960189634
0.960202484 0.981107655
0.981115756 1.025994366
1.026002467 1.054866192
1.054873734 1.074162499
1.074173395 1.091926767
1.091935148 1.126663585
1.126675318 1.144358292
1.144364717 1.169584403
1.169590828 1.195833549
1.195840254 1.212418897
1.212425881 1.241099078
1.241105783 1.265659742
1.265667006 1.289758615
1.289774818 1.313803291
1.313811951 1.351349124
1.351363651 1.373045458
1.373052721 1.392859707
1.392866412 1.41041976
1.410428141 1.444853466
1.444866317 1.464832262
1.464844275 1.483445243
1.483453345 1.503003595
1.503012255 1.520673717
1.52068545 1.546464705
1.546477276 1.564881012
1.564887717 1.589322385
1.58933356 1.61599505
1.61600371 1.63143584
1.631450367 1.656768109
1.656783753 1.688930577
1.688943428 1.71169548
1.711701906 1.728508233
1.728520525 1.753301327
1.753308312 1.789444748
1.789456202 1.80372701
1.803739861 1.822634163
1.822647572 1.839469542
1.839522063 1.864808796
1.864818294 1.901374895
1.901382159 1.923115648
1.923131292 1.940492158
1.940503333 1.955308007
1.955366953 1.981090613
1.981103185 2.006301919
2.006310579 2.025502962
2.025515254 2.044208691
2.044215675 2.066666573
2.066673278 2.111588205
2.11159519 2.13449391
2.134511231 2.158491373
2.158507017 2.182376531
2.182384633 2.232632918
2.232646328 2.254005747
2.254012731 2.273979794
2.273991248 2.294684101
2.294692203 2.324313565
2.324326695 2.360535487
2.360549456 2.375062473
2.375071412 2.391610108
2.391624355 2.408798603
2.408806984 2.431257884
2.431266265 2.46532618
2.465333723 2.48387295
2.483881331 2.499347823
2.499363747 2.527769591
2.527776016 2.560792782
2.560800884 2.578018156
2.578027096 2.591136025
2.591145523 2.607176331
2.607183036 2.628348855
2.628359471 2.662179691
2.662190307 2.684416595
2.684425814 2.699368495
2.699377435 2.726091723
2.726100104 2.75678529
2.756792274 2.778169292
2.778181584 2.866623832
2.866634448 2.884798766
2.88480575 2.905274832
2.905281816 2.93222323
2.932230493 2.96123837
2.961250662 2.980749789
2.980756493 3.005251506
3.005263518 3.018700701
3.018712434 3.05286035
3.052867334 3.065035361
3.065046256 3.082609103
3.082621954 3.112454795
3.11246178 3.143862139
3.143876386 3.157130585
3.157138407 3.17450933
3.174517432 3.205100089
3.20511294 3.232734887
3.232741591 3.248637188
3.24864501 3.26835338
3.268363996 3.283959274
3.283965978 3.306853246
3.306863303 3.337101782
3.337108766 3.357731779
3.357740439 3.376314029
3.37632688 3.396026589
3.396033574 3.422978339
3.422987558 3.443170572
3.443178114 3.463311678
3.463360288 3.482189776
3.482197039 3.515042274
3.515057639 3.547784704
3.547791967 3.565459297
3.565467958 3.583407667
3.583414092 3.607580852
3.607589233 3.633472411
3.633484703 3.653490317
3.65350233 3.678162727
3.678175858 3.696765092
3.696772076 3.711616979
3.711664472 3.730798188
3.730810759 3.757249874
3.757262445 3.788283706
3.788295998 3.808427329
3.808439621 3.828253871
3.828267001 3.860112948
3.860127754 3.887070285
3.887082298 3.903272064
3.903285753 3.919716892
3.919730022 3.939409618
3.939461021 3.967076542
3.967084923 3.989979173
3.989992583 4.010336509
4.010343214 4.048101086
4.048115054 4.070473482
4.07048773 4.112132688
4.112139393 4.132026836
4.132034379 4.172693737
4.17270575 4.210228954
4.210237055 4.229153706
4.229160411 4.283931338
4.283938602 4.312531901
4.312538605 4.329726543
4.329732969 4.370011831
4.370024682 4.388759744
4.388771756 4.408283176
4.40829463 4.448786647
4.448793631 4.473688694
4.473695399 4.491678971
4.491685676 4.508785054
4.508792876 4.537366341
4.537379192 4.559763043
4.559770307 4.584224532
4.584231516 4.60296127
4.602967696 4.619517564
4.619524548 4.645826495
4.64583292 4.65964082
4.659648363 4.682007628
4.682016847 4.699812407
4.699823582 4.736075953
4.736088245 4.759414674
4.759423334 4.782458107
4.782465091 4.812023595
4.812037004 4.830435991
4.830450798 4.863043207
4.863051309 4.884252888
4.884259872 4.909227849
4.909241817 4.93629777
4.936304195 4.955980439
4.95599748 4.979558016
4.979564721 5.017207774
5.017214199 5.032975978
5.032982403 5.050317011
5.050328465 5.087539617
5.087546601 5.107894999
5.107910643 5.140451929
5.140461707 5.160478218
5.16049051 5.176038854
5.176048632 5.195813993
5.195820698 5.226251101
5.2262606 5.246424616
5.246436908 5.263697202
5.263710611 5.309048776
5.309061347 5.329299114
5.329313083 5.348085301
5.348096755 5.368132263
5.368138968 5.38482321
5.384837458 5.432877642
5.432884347 5.451052299
5.451061239 5.472003006
5.472011107 5.488409001
5.488417382 5.513072472
5.513081412 5.547723523
5.547735535 5.567299755
5.567313724 5.585293382
5.585306792 5.599012165
5.599022781 5.613889474
5.613897576 5.649271625
5.649279727 5.666163996
5.666171259 5.682637598
5.682644582 5.703173168
5.70318127 5.723099165
5.72314945 5.755462217
5.755470598 5.783101763
5.783114055 5.803633422
5.803646553 5.823582327
5.823594339 5.850187384
5.850199956 5.876054359
5.876068327 5.894990284
5.895071021 5.909721487
5.90972903 5.926569717
5.926576701 5.96418651
5.964199081 5.987532492
5.987544505 6.010535418
6.010547151 6.038376945
6.038383929 6.069452681
6.069467208 6.086000036
6.086010652 6.104083898
6.104093397 6.123199737
6.123206441 6.14295951
6.142972361 6.181277229
6.181289801 6.201870628
6.201881244 6.226772676
6.226781057 6.253295321
6.253310127 6.268700631
6.268709571 6.299835873
6.299842298 6.324953311
6.324959736 6.345659573
6.345672424 6.367412338
6.367419323 6.379809724
6.379822296 6.408661715
6.408668699 6.429868879
6.429883685 6.443780704
6.443787409 6.475803769
6.475810194 6.509780991
6.509796635 6.53006234
6.530069324 6.546539295
6.546549911 6.568616122
6.568629532 6.587520481
6.587528024 6.616147303
6.616160992 6.63477062
6.634783471 6.653903778
6.653916349 6.676853902
6.676860606 6.693509929
6.693522221 6.73292695
6.732938683 6.751494672
6.751503333 6.764644948
6.764658078 6.797308316
6.797314742 6.817667608
6.817674033 6.845892424
6.845899408 6.859410344
6.859422357 6.879586092
6.879593076 6.89654607
6.896553333 6.930847914
6.930860486 6.955823994
6.955835727 6.974708238
6.974720531 6.988046245
6.988054067 7.019528459
7.019537958 7.043017757
7.043026138 7.057912947
7.057919931 7.085268099
7.085275363 7.101684989
7.101691974 7.126972003
7.126979825 7.150978406
7.15098567 7.168737926
7.168750497 7.188204925
7.188216658 7.205485613
7.205500699 7.233012296
7.233025427 7.252308045
7.252315867 7.27125291
7.271263526 7.287958107
7.287965929 7.305780482
7.305796127 7.333033388
7.333081718 7.353285403
7.353301607 7.369208935
7.369220668 7.397090692
7.397099631 7.433650086
7.433657629 7.454195157
7.454201582 7.475049482
7.475063171 7.504036964
7.504049257 7.539556005
7.539563548 7.56223682
7.56225023 7.580676315
7.580683579 7.620151164
7.620157869 7.638248436
7.638257097 7.683337966
7.683346626 7.696681002
7.696688824 7.718163063
7.718177311 7.7476372
7.747652286 7.780619883
7.780626308 7.797475936
7.797483479 7.822036878
7.822092472 7.838410747
7.838423039 7.863891919
7.863911754 7.900828457
7.900841587 7.917405982
7.91741576 7.936305033
7.936313972 7.977445457
7.977458308 7.988266107
7.988273929 8.008937727
8.008949181 8.029160689
8.029167115 8.04998205
8.049992946 8.08935996
8.089366665 8.116859265
8.116867087 8.13430869
8.134316792 8.153561974
8.153574266 8.180864048
8.180912657 8.205137523
8.205151491 8.227162111
8.227221895 8.247256006
8.247262432 8.269661088
8.269669748 8.289378118
8.28938594 8.320426199
8.320436256 8.346445428
8.34645297 8.360914306
8.360925201 8.382093254
8.382108061 8.396826132
8.396838424 8.438713859
8.438726151 8.454430939
8.454445187 8.470438282
8.470451971 8.509961181
8.5099704 8.527908994
8.527922404 8.55928868
8.559299017 8.578654269
8.578666282 8.614289245
8.614298185 8.63069608
8.630707813 8.650594698
8.65060699 8.668209786
8.668222078 8.687645217
8.687655274 8.722078363
8.722084789 8.751929644
8.75194026 8.776099475
8.776106459 8.800917155
8.800924977 8.825352105
8.825363279 8.862577506
8.86258421 8.886811591
8.886820531 8.905963467
8.905971848 8.939481973
8.939488398 8.968508567
8.968516668 8.991275707
8.991283809 9.007772775
9.007781994 9.031222403
9.031235813 9.046832768
9.046844502 9.076154092
9.076162752 9.094950894
9.094966259 9.108943175
9.108955188 9.128762733
9.128775304 9.149189911
9.149196895 9.177086753
9.177093737 9.199861156
9.19986786 9.217042108
9.21705021 9.239368132
9.239380145 9.267982383
9.267994955 9.289963668
9.289974563 9.310866883
9.310877499 9.329187089
9.329196029 9.347697822
9.347705085 9.367379373
9.367386636 9.390604392
9.390616405 9.419766199
9.419773463 9.434533997
9.434547127 9.454270305
9.454282876 9.487244328
9.487259135 9.527737463
9.527745285 9.544879586
9.544890481 9.562103562
9.562116692 9.601916444
9.601924266 9.616923099
9.616933436 9.63474436
9.634753579 9.652005212
9.652011917 9.680713051
9.680723946 9.709810883
9.709818985 9.727651139
9.727664548 9.745008932
9.745019269 9.764350776
9.764362789 9.790783465
9.790790449 9.811722718
9.811810438 9.836208232
9.836215496 9.853791752
9.853799016 9.881361457
9.881369 9.909824851
9.909831836 9.930671915
9.930687 9.953710316
9.953724005 9.980591666
9.980606193 10.009925841
10.009938692 10.037900625
10.037909845 10.055990077
10.056004883 10.079631908
10.079638893 10.09779958
10.097807402 10.117713842
10.117721106 10.138464247
10.138521237 10.156656781
10.156666559 10.180905393
10.180915451 10.19445153
10.194465219 10.217812598
10.217827125 10.237094658
10.237102759 10.253802648
10.25381494 10.278891033
10.278897737 10.298513638
10.298520901 10.330826404
10.330835623 10.345162303
10.345170963 10.361822801
10.361830344 10.378462346
10.378471286 10.398895948
10.398903211 10.440915255
10.440929224 10.459826597
10.459834419 10.478379514
10.478387895 10.506718312
10.506725575 10.534576322
10.53458582 10.553806418
10.553816196 10.572701279
10.572709381 10.597877942
10.597884647 10.627776994
10.627790962 10.646371256
10.646382152 10.659335474
10.659349721 10.677498396
10.677506498 10.695836759
10.695849331 10.733820079
10.733831812 10.744711408
10.744723142 10.763074915
10.763089163 10.780948137
10.780961546 10.805691505
10.805707149 10.827958859
10.827971989 10.847411053
10.847417758 10.868690573
10.868702586 10.911870642
10.91188014 10.938108893
10.938115598 10.957462749
10.957475042 10.977488758
10.97749658 10.99386151
10.993869891 11.037416765
11.037428499 11.061555868
11.061563969 11.097911326
11.09791831 11.11402734
11.114034603 11.149420386
11.149430443 11.169652288
11.16966011 11.186765077
11.18677234 11.206055238
11.20606725 11.222522695
11.222534707 11.263834648
11.26384694 11.285943883
11.285951706 11.301132406
11.301140787 11.328971419
11.32897952 11.367074866
11.36708157 11.378681927
11.378694777 11.395893333
11.395901993 11.424198885
11.424205311 11.44424864
11.444261491 11.481268988
11.481278765 11.509785461
11.509797753 11.525810122
11.525822414 11.541328576
11.541335839 11.570699069
11.57071192 11.586186791
11.5862002 11.610446299
11.61045496 11.626949794
11.626999241 11.644544207
11.644558455 11.676167779
11.676181747 11.701309244
11.701322095 11.724377539
11.724384523 11.735460232
11.735473362 11.751658381
11.751672628 11.7731491
11.773163348 11.802526577
11.802539428 11.81967317
11.819680433 11.836384512
11.836392334 11.868275157
11.868282421 11.893612455
11.893619719 11.910178527
11.91019054 11.927487991
11.927495254 11.954610712
11.954617696 11.984584074
11.984596925 12.018849042
12.018860776 12.038382811
12.038391472 12.059313963
12.059326534 12.106960241
12.106967505 12.131441564
12.131453577 12.152756286
12.152769695 12.168619474
12.168629532 12.199454679
12.199466133 12.227166581
12.227173285 12.243974861
12.243982404 12.261975753
12.261984413 12.283917926
12.283925469 12.315015455
12.315029423 12.332564892
12.332579139 12.352617161
12.352629174 12.369570991
12.369579372 12.388138716
12.388151566 12.423710274
12.423723125 12.444173491
12.444186342 12.469034751
12.469042294 12.488940074
12.488949013 12.506737587
12.506744291 12.535793235
12.535801057 12.560469276
12.560478775 12.579973711
12.579980695 12.595917357
12.595950601 12.614796852
12.614803557 12.644507331
12.644519344 12.662911347
12.66292336 12.681026777
12.681042142 12.703949243
12.703957066 12.721198084
12.721210935 12.753082025
12.753091524 12.771408935
12.771420109 12.787014271
12.787021534 12.806867073
12.806874336 12.839949211
12.839963179 12.87219018
12.872197443 12.887667565
12.887674829 12.907385994
12.907394655 12.938631865
12.938639407 12.961072984
12.961080527 12.987718829
12.987725813 13.003416915
13.003426134 13.023519469
13.023526453 13.061980223
13.061987207 13.079046079
13.079053343 13.095488671
13.095499287 13.12489157
13.124899112 13.157722838
13.15773066 13.178640021
13.178652872 13.195441599
13.19544998 13.215414249
13.215427658 13.250008589
13.250022837 13.270155843
13.270163107 13.286923617
13.286935909 13.303988076
13.304000647 13.324039507
13.324052916 13.351877682
13.351889694 13.370806624
13.370818078 13.387220722
13.387227706 13.411968001
13.411981689 13.442198938
13.442205643 13.460374152
13.460385327 13.479139107
13.4791514 13.496170881
13.49618457 13.515504903
13.51551943 13.545572969
13.545581909 13.567754839
13.567775512 13.584954511
13.584966523 13.606945016
13.606952279 13.636470835
13.636481451 13.652854761
13.652869568 13.668609556
13.668622966 13.687889382
13.687948328 13.713349321
13.713360775 13.735652435
13.735661375 13.758579092
13.758591384 13.777774548
13.777786002 13.81925077
13.819257475 13.845958633
13.845967573 13.872076199
13.872084579 13.892117292
13.892123997 13.911461373
13.911468915 13.942705846
13.942718138 13.97025823
13.970271919 13.990872582
13.990884594 14.012208255
14.012221106 14.02915985
14.029166555 14.052261389
14.052274799 14.078765317
14.078777888 14.09977078
14.099778043 14.119035799
14.119042783 14.148513009
14.148524183 14.177497139
14.177503564 14.19815563
14.198166805 14.216409906
14.216421081 14.238040029
14.238055115 14.275508479
14.275520771 14.299683898
14.299690882 14.318372306
14.318379849 14.337253756
14.337264371 14.384050207
14.384076188 14.404605053
14.404613714 14.4190175
14.419025043 14.437528232
14.43757321 14.466750103
14.466757087 14.488500912
14.488513204 14.503967682
14.503976621 14.52535392
14.525362859 14.542798874
14.542810328 14.562479029
14.562491041 14.593996442
14.594003426 14.615811785
14.615819887 14.668777456
14.66878416 14.684078003
14.684084708 14.739344804
14.739354582 14.767771602
14.767779983 14.785856301
14.785864403 14.802802032
14.802855949 14.82935345
14.829360992 14.861144362
14.861152743 14.878059082
14.878066345 14.897257332
14.897269903 14.913065485
14.913071911 14.959300972
14.959308515 14.987073496
14.987085509 14.995846956
14.995860366 15.011917715
15.011924978 15.029455977
15.029469666 15.050535192
15.050541617 15.063300782
15.063310001 15.085937177
15.085948631 15.109301599
15.109311097 15.126196486
15.126205146 15.145966036
15.145979725 15.184242969
15.184254143 15.202523784
15.202535238 15.219997791
15.220008686 15.239333489
15.239340194 15.258617226
15.258623651 15.285933826
15.28594081 15.310852636
15.3108599 15.328217971
15.328224955 15.360232654
15.360242432 15.387139706
15.38714641 15.403342322
15.403349865 15.41971675
15.419723734 15.447111573
15.447124703 15.463356655
15.463364198 15.486781699
15.486788683 15.511149321
15.511169715 15.526809132
15.526820586 15.574709076
15.574722485 15.588576759
15.588588772 15.604023695
15.604031238 15.626964041
15.626976333 15.63617806
15.636185603 15.655248362
15.655259536 15.692359782
15.692473204 15.71934729
15.719360141 15.744958646
15.744967027 15.767284668
15.767298636 15.786431235
15.786443807 15.813446959
15.813460368 15.843383166
15.84339043 15.862043638
15.862057327 15.885175908
15.885240721 15.912159506
15.912172915 15.934381603
15.934394733 15.953497999
15.95351085 15.972043373
15.972050637 16.000926373
16.000938106 16.019622326
16.019634338 16.037962085
16.037969627 16.059152769
16.059160311 16.084187794
16.084195895 16.115439252
16.115476128 16.135471965
16.135481743 16.144991052
16.144998595 16.161923371
16.161930914 16.185779196
16.185787577 16.211983365
16.211991187 16.238104841
16.23811853 16.253470761
16.253544793 16.286993737
16.287004633 16.312543912
16.312551734 16.337348461
16.337360753 16.348899928
16.348907471 16.367151132
16.3671651 16.38560152
16.385608225 16.411690311
16.411697574 16.436330593
16.436338695 16.455091359
16.455098343 16.478075563
16.478082548 16.497457078
16.497469091 16.522042046
16.522049309 16.545582468
16.545590011 16.571269532
16.571280986 16.589280479
16.589287743 16.611370718
16.611377423 16.630691609
16.630698314 16.651557668
16.651564652 16.672996427
16.673004808 16.695657128
16.695664671 16.734448372
16.734456474 16.753375078
16.753381783 16.785477203
16.785484187 16.801172772
16.801186741 16.82279703
16.822811557 16.838535064
16.838542607 16.855756526
16.8557677 16.874751399
16.874760618 16.895096722
16.895105662 16.921134388
16.921145563 16.939269374
16.939283343 16.958363423
16.958378229 16.984956746
16.984995299 17.020682795
17.020689779 17.037739432
17.037746695 17.057481605
17.057495574 17.082668326
17.082677266 17.115098705
17.115106528 17.131744955
17.13175166 17.149690811
17.149701427 17.183311285
17.183317711 17.202296938
17.202305319 17.230064993
17.230079241 17.2503645
17.250371205 17.265978217
17.265985201 17.305845295
17.305852837 17.335357147
17.335367762 17.35894087
17.358953721 17.379833748
17.379841291 17.404231821
17.404244113 17.417733817
17.417747226 17.457365668
17.45737824 17.478372529
17.478386498 17.498460278
17.498469497 17.526801869
17.526809691 17.545217337
17.545225997 17.562115016
17.562123397 17.578343895
17.578351437 17.606332927
17.60634466 17.653650392
17.653657376 17.671570548
17.67157837 17.689565571
17.68957898 17.715468865
17.715476408 17.756158951
17.756166215 17.78088863
17.780902878 17.808297142
17.808310272 17.827115457
17.827130263 17.857410368
17.857423498 17.891309649
17.891316912 17.911653854
17.911665587 17.928863862
17.928872802 17.958693351
17.958701174 17.982818206
17.98282519 18.004287695
18.004296634 18.028210288
18.028221463 18.048684677
18.048699204 18.069352108
18.069359093 18.104744037
18.104758005 18.121715468
18.121727481 18.140588816
18.140601947 18.161401238
18.161414926 18.181710523
18.181723094 18.204312558
18.20436033 18.226092421
18.226171761 18.255018723
18.255032412 18.273932299
18.273945988 18.302452405
18.302466653 18.325198871
18.32521256 18.342022239
18.342033134 18.354644234
18.354657643 18.383450129
18.383461583 18.408005484
18.40801191 18.426289094
18.426298313 18.443351597
18.443364169 18.465513912
18.465566432 18.487503856
18.487516428 18.526245652
18.526258223 18.543835877
18.543844817 18.564450228
18.564463079 18.585757964
18.585765228 18.620394769
18.620402591 18.643420321
18.643428702 18.663766204
18.663775982 18.70200961
18.702018271 18.724070236
18.72408169 18.740543
18.740549425 18.760505873
18.760512578 18.780509532
18.780519031 18.818987887
18.819000179 18.849934837
18.849948526 18.870169811
18.870185456 18.896731287
18.896793585 18.918513106
18.918525398 18.957427828
18.957441238 18.975183157
18.975196846 18.991110042
18.99112401 19.01209595
19.012103213 19.034793806
19.034842137 19.067171385
19.067185912 19.082274142
19.082281406 19.1066345
19.106645675 19.12642724
19.12643618 19.146761667
19.146772004 19.170968655
19.170976477 19.195508925
19.19551563 19.212792406
19.212802184 19.233136332
19.233143037 19.252070304
19.252077009 19.279321254
19.279330193 19.296627642
19.296634068 19.31506099
19.315067974 19.360903409
19.360911232 19.38563225
19.385647057 19.406283198
19.406297167 19.437256129
19.43726898 19.447387026
19.44739373 19.468757899
19.468765721 19.49721403
19.497225484 19.52093995
19.520951963 19.541983965
19.541994301 19.559066584
19.559078597 19.58466034
19.58466872 19.603940164
19.603947148 19.619808102
19.619821791 19.639674593
19.639688841 19.654445187
19.654458876 19.674244072
19.67425357 19.710741727
19.710754019 19.730289742
19.73030399 19.751390747
19.751403039 19.776812413
19.776825544 19.814803556
19.814816127 19.859103319
19.859111421 19.894494131
19.894502233 19.916272317
19.91627958 19.935255178
19.935267191 19.974378585
19.974435017 19.98909107
19.989098334 20.006214755
20.006222018 20.041281781
20.041289324 20.062484755
20.06249174 20.081414535
20.081427945 20.097410144
20.097417687 20.116685778
20.116692203 20.144354098
20.144361361 20.180077634
20.180084618 20.202266209
20.202274311 20.222026541
20.222034083 20.244238302
20.244245845 20.274828782
20.274846102 20.294703655
20.297900988 20.320019441
20.320026426 20.344267217
20.344275039 20.380357279
20.380364542 20.39767121
20.397678194 20.417475682
20.417488254 20.437778543
20.437785527 20.460870584
20.460882596 20.489088975
20.489102384 20.506883974
20.506894589 20.525363138
20.525369843 20.545586099
20.545593642 20.573690788
20.573698052 20.596790652
20.596797915 20.616418285
20.61642499 20.646036295
20.646045514 20.659137682
20.659145784 20.685079526
20.685092936 20.718194071
20.718206922 20.744872322
20.744884614 20.763878648
20.76389066 20.80658212
20.806591618 20.833044422
20.833052523 20.868233251
20.868244704 20.880862789
20.880870332 20.897839528
20.897847071 20.916247454
20.91626226 20.948716105
20.948730353 20.968150699
20.968207131 20.983428617
20.983437277 21.015513702
21.015522083 21.036566378
21.036574479 21.054684323
21.054696615 21.078566687
21.07857423 21.122970376
21.122977361 21.147089643
21.147101935 21.169234356
21.169241061 21.192789025
21.192810257 21.210732927
21.21074019 21.22602649
21.226039341 21.262894585
21.262905759 21.290957649
21.290968544 21.308899034
21.308906856 21.327317017
21.327331823 21.367834458
21.367843118 21.389741989
21.389755399 21.404016151
21.40402984 21.421536255
21.421549665 21.438089196
21.43810093 21.485407221
21.485422027 21.514057231
21.51406617 21.533836003
21.533843266 21.55509066
21.555102393 21.594515782
21.594529471 21.619946109
21.619959518 21.63649458
21.636512738 21.655199193
21.655213161 21.671916121
21.67192981 21.713872013
21.713881232 21.73925401
21.739260994 21.755437351
21.755450761 21.771505874
21.771512858 21.813033498
21.81304132 21.837022021
21.837029844 21.855911853
21.855925542 21.871343982
21.871355715 21.887182586
21.887194878 21.928716916
21.928724738 21.95197909
21.95199222 21.970467194
21.970481721 21.989421
21.989436086 22.029841499
22.029857144 22.051199522
22.05120902 22.070956782
22.070966001 22.086245875
22.08625649 22.102979567
22.102988506 22.147927179
22.147936399 22.167136044
22.167143587 22.188259959
22.188267223 22.204747249
22.204760379 22.252548576
22.252562824 22.272315334
22.272329582 22.285562549
22.28557065 22.302184215
22.302192875 22.320422565
22.320431784 22.364266127
22.364279257 22.383394815
22.383446497 22.40743977
22.407452621 22.426370109
22.426377373 22.477297532
22.477331614 22.497726384
22.497733927 22.512752596
22.512759301 22.531401335
22.531408598 22.578911564
22.578924136 22.600531909
22.600539173 22.624237715
22.624248052 22.640524422
22.640533362 22.654843561
22.654852501 22.691020226
22.691029725 22.714022031
22.714033764 22.733608599
22.733623126 22.756882507
22.75689452 22.799363604
22.799374779 22.828333208
22.828340192 22.847109058
22.847122188 22.869317188
22.86932948 22.906970855
22.90703483 22.934173475
22.934182694 22.949495814
22.949510341 22.966946355
22.966958368 23.007938996
23.007946818 23.039617045
23.039624029 23.054492678
23.054501897 23.067064109
23.067077798 23.08318124
23.083193253 23.107988303
23.107995567 23.146785693
23.1468181 23.164847206
23.164903079 23.183099526
23.183116288 23.200833344
23.200845636 23.239976308
23.239983012 23.275063728
23.275074064 23.295747921
23.295848213 23.315467188
23.315475848 23.357251548
23.35725965 23.39049041
23.39049935 23.405906892
23.405921419 23.428483786
23.428494961 23.459167015
23.45922177 23.50229177
23.502304062 23.525839734
23.525847836 23.546261045
23.546273896 23.560936094
23.560943916 23.598014829
23.59802293 23.623389004
23.623405766 23.647506594
23.647519444 23.666666013
23.66668082 23.710874425
23.710888672 23.748716665
23.748730633 23.770481721
23.770494572 23.79173526
23.791742523 23.831237209
23.831244751 23.866260095
23.866272667 23.887171691
23.887186777 23.909819263
23.909831834 23.953252157
23.953266684 23.980597532
23.980605913 23.997413915
23.997421178 24.018970287
24.018979506 24.047007369
24.04701994 24.081401405
24.081412859 24.106014308
24.106066829 24.125016725
24.1250279 24.144081716
24.144089539 24.184604186
24.184612008 24.209681954
24.209691452 24.232444903
24.232458033 24.254458596
24.254471447 24.275792871
24.27580209 24.313677016
24.313684279 24.337144803
24.337158492 24.357589859
24.357605224 24.372655461
24.372726978 24.417571784
24.417584635 24.436683989
24.436693767 24.454356068
24.454368919 24.469071346
24.469083079 24.503757319
24.503769053 24.536800904
24.536808447 24.554869122
24.554907674 24.579269989
24.579284236 24.595601394
24.595608378 24.64101834
24.641030073 24.663087345
24.663094888 24.67945423
24.679510662 24.694063069
24.694075641 24.716937765
24.716952013 24.752884791
24.752897921 24.771545544
24.771554204 24.787550371
24.787557355 24.805678093
24.805688709 24.857968259
24.857980831 24.888073482
24.888086332 24.911671733
24.911686819 24.934283266
24.934291926 24.981587881
24.981595423 25.021855289
25.021867861 25.040534758
25.040548168 25.064296717
25.064305656 25.08366063
25.083673202 25.129273131
25.129285982 25.152481948
25.152489211 25.170707169
25.170714712 25.188107983
25.188119437 25.231336383
25.231350072 25.256982938
25.256990761 25.272958711
25.272966812 25.291734003
25.291741825 25.334027367
25.334040218 25.361103993
25.361116844 25.375583207
25.375596617 25.389796466
25.389804289 25.406327897
25.40633544 25.445057121
25.445063547 25.469170521
25.469177505 25.486871374
25.486878637 25.508260125
25.508276887 25.555510824
25.555517529 25.577165252
25.577172795 25.599819807
25.59987149 25.615245231
25.615256685 25.655819662
25.655831954 25.683895297
25.683909265 25.703511477
25.703520416 25.715095911
25.715103454 25.732677195
25.732684458 25.777587093
25.777594357 25.803785115
25.803792099 25.822626616
25.82263807 25.839848638
25.839864003 25.890715159
25.890722143 25.92035887
25.920372279 25.939530859
25.93954343 25.959514126
25.959521669 26.005775312
26.005789281 26.032473119
26.03248569 26.05133613
26.051349819 26.073567728
26.073580858 26.12303435
26.123041334 26.139855761
26.139863863 26.158661503
26.158668488 26.181533684
26.181545976 26.201806651
26.201818664 26.243028092
26.243036752 26.263879066
26.263887447 26.285297989
26.285305811 26.302922854
26.302936264 26.344827343
26.344839076 26.367981124
26.367990902 26.388738231
26.388746333 26.406434614
26.406443275 26.452302735
26.452310557 26.480485926
26.48049291 26.500444886
26.500454105 26.51229779
26.512311199 26.528765524
26.528779492 26.565600374
26.565607358 26.584567588
26.584574293 26.601857217
26.60186448 26.617950602
26.617958145 26.637449729
26.637457272 26.690519603
26.690527425 26.720124482
26.720136495 26.73666569
26.736672954 26.75186483
26.751872093 26.794851577
26.794864708 26.815220368
26.815232101 26.831634186
26.831648992 26.860747662
26.860761071 26.89823008
26.898242931 26.927037372
26.927044357 26.945324612
26.945337742 26.959588995
26.959601566 26.976138306
26.976145849 27.023299606
27.023306869 27.043271419
27.043277845 27.067687092
27.067739333 27.08498957
27.085002141 27.125998133
27.126010145 27.143622441
27.143635013 27.17056581
27.170572794 27.185098941
27.185105366 27.229655443
27.229668852 27.252140703
27.252148245 27.266801504
27.266809605 27.287344339
27.287358028 27.303201661
27.303214791 27.342160804
27.342169185 27.380453658
27.380462318 27.399927363
27.399939376 27.418676394
27.418688406 27.457689453
27.457701745 27.483520669
27.483527932 27.493281405
27.493289227 27.51081492
27.510849282 27.531578452
27.531585716 27.566170558
27.566177542 27.585585875
27.585593139 27.611528279
27.611535263 27.627010414
27.627017398 27.67491287
27.674926 27.698061902
27.698068607 27.715451822
27.715458806 27.742529564
27.742543812 27.788154079
27.788161063 27.81987012
27.819881574 27.832172523
27.832185932 27.851038606
27.851045311 27.865406634
27.865414177 27.924331721
27.924346807 27.950213223
27.95023222 27.966615028
27.966622291 27.980208097
27.980214801 28.014606324
28.01461247 28.048490518
28.048504206 28.065705555
28.065712539 28.082407678
28.082414382 28.125256699
28.125263683 28.161443141
28.161451522 28.179967284
28.179975665 28.196347298
28.196354282 28.219087339
28.219097675 28.256486226
28.25649349 28.279076808
28.279085468 28.300292632
28.300307438 28.324288141
28.324302388 28.357567509
28.357575331 28.385882001
28.385928376 28.404294957
28.404301662 28.427013765
28.427027175 28.459830785
28.459844195 28.49698467
28.497029647 28.517335859
28.517343123 28.541132739
28.541141399 28.561851852
28.561859954 28.599071946
28.59907921 28.628911213
28.628924343 28.650653363
28.650661464 28.676182862
28.676193758 28.72225492
28.722269727 28.744136193
28.744147927 28.772081085
28.772088069 28.803909153
28.803916975 28.843688512
28.843704156 28.872846965
28.872859257 28.889730675
28.889743805 28.911071656
28.911080316 28.950180817
28.950188919 28.981393722
28.981435626 28.998425215
28.99843192 29.015167568
29.015179022 29.037339379
29.037349437 29.079955969
29.079962953 29.101237724
29.101245267 29.119079936
29.11908692 29.134393056
29.134405348 29.184460034
29.184472605 29.214117434
29.21415934 29.233833347
29.233847315 29.251425806
29.251439216 29.279863499
29.279875791 29.320822056
29.32083351 29.33672324
29.336730224 29.352563521
29.352571343 29.370169112
29.370176375 29.414085306
29.414092291 29.446586924
29.44660173 29.469599625
29.469612196 29.489016618
29.48902863 29.505658677
29.505673204 29.547512041
29.547527127 29.568176121
29.568183105 29.583266585
29.583281112 29.600555654
29.600564873 29.622502577
29.622514031 29.659182937
29.659190201 29.684452071
29.684463805 29.70233507
29.702348759 29.720831834
29.720843568 29.764025872
29.764035091 29.795304428
29.795312529 29.829011505
29.829019606 29.844122644
29.844136053 29.862970571
29.862985936 29.901438309
29.901450321 29.92542292
29.925437168 29.94305533
29.94306427 29.96047095
29.960483242 30.002307552
30.002319006 30.025981232
