0.022876371 0.045213289
0.045229492 0.064497024
0.065591576 0.083400823
0.083416188 0.106875315
0.106891239 0.124946606
0.124966162 0.140869301
0.140885505 0.15804774
0.158067017 0.176127693
0.176144176 0.213015621
0.213054732 0.24335998
0.243378697 0.25728717
0.257311474 0.275234422
0.2752442 0.292583275
0.292601713 0.309285958
0.309304955 0.32937147
0.32938907 0.344566419
0.344580946 0.360175665
0.360188515 0.377612518
0.377627883 0.3938576
0.3938752 0.410984077
0.411036877 0.42428074
0.424299178 0.440286126
0.440300653 0.472721255
0.472735781 0.493149548
0.493168265 0.510623557
0.510642554 0.526789578
0.52680634 0.541201186
0.541213478 0.559787628
0.559797964 0.575982422
0.576004212 0.591151389
0.591165916 0.606189335
0.606198554 0.625088105
0.625102073 0.641506952
0.641525669 0.657395003
0.657402546 0.67424547
0.674254968 0.706896267
0.706958007 0.724096779
0.724147064 0.744572285
0.74460078 0.757612769
0.757628693 0.773636036
0.77365168 0.793620977
0.793679923 0.807307354
0.807320204 0.823571431
0.823586237 0.839431268
0.83944831 0.856503831
0.856510815 0.873571082
0.873586168 0.890336901
0.890361485 0.929117249
0.929132614 0.938382952
0.93839664 0.956351435
0.956366521 0.972873927
0.972882029 0.991660392
0.99167883 1.012333691
1.01234291 1.02839048
1.028404169 1.040362392
1.040373008 1.056221113
1.056240109 1.074819006
1.074835768 1.090601459
1.090619897 1.10738376
1.107393817 1.12423646
1.124252104 1.161837048
1.161844312 1.182921573
1.182939173 1.200341663
1.200397816 1.2152335
1.215249983 1.232843002
1.23285697 1.249041149
1.249056234 1.266196961
1.266207577 1.283151629
1.283161686 1.299824699
1.299879175 1.315158771
1.315174415 1.330352041
1.330366847 1.346841009
1.346854698 1.381184759
1.381192582 1.396410718
1.396418819 1.413597258
1.413611506 1.429566328
1.429584766 1.446079879
1.446087422 1.462911627
1.462930344 1.478866728
1.47894914 1.494745281
1.494759249 1.511558313
1.511571443 1.525424321
1.52543382 1.539510467
1.539541757 1.553799435
1.553808654 1.568693508
1.568721724 1.590937675
1.590951643 1.622410389
1.62242296 1.638823649
1.638838456 1.656488185
1.65649908 1.671673634
1.671695425 1.68876631
1.688809053 1.703615682
1.703625739 1.723308688
1.723322377 1.739762177
1.739771955 1.75684619
1.756911003 1.7746546
1.774668568 1.790478399
1.790498234 1.806830476
1.806858412 1.826948677
1.826966277 1.858734001
1.85876054 1.886113179
1.88613022 1.898851111
1.898868152 1.915109882
1.915118542 1.934036029
1.934052791 1.952199791
1.952207334 1.971707297
1.971738865 1.994650717
1.994663847 2.011987835
2.011995099 2.028782708
2.028793324 2.039622635
2.039641911 2.055008108
2.0550204 2.095582818
2.095598741 2.113380611
2.113397652 2.130367966
2.130375509 2.147177644
2.147197199 2.16537018
2.165393926 2.181135031
2.181152352 2.200555937
2.200662934 2.212260219
2.212284244 2.22815274
2.228161121 2.247560794
2.247589848 2.263698877
2.263706979 2.278661114
2.278668378 2.298170299
2.2982312 2.330100893
2.330115979 2.346776475
2.346795751 2.363841494
2.363850154 2.382319821
2.382346081 2.399849981
2.399857244 2.417897806
2.417924346 2.435321248
2.435348067 2.451857429
2.451875029 2.46948453
2.469547666 2.482106803
2.48218279 2.499141371
2.499167352 2.5212006
2.521225464 2.530151737
2.530160676 2.56149371
2.561502091 2.580558423
2.580584962 2.597341003
2.597371733 2.614522794
2.614541232 2.632744106
2.632754163 2.648732171
2.648741111 2.665905583
2.665923741 2.682252074
2.682273865 2.699835314
2.699861015 2.71636479
2.716382948 2.733439306
2.733461096 2.750596234
2.750604057 2.787269052
2.787284976 2.804045487
2.804054147 2.821881272
2.821935748 2.838730062
2.838740119 2.853631677
2.853654026 2.869706345
2.869722827 2.887044582
2.887059947 2.904023556
2.904050096 2.921506504
2.921524942 2.930719407
2.930735331 2.946838494
2.946850227 2.961868338
2.961876719 2.977960607
2.977975413 3.016710784
3.016723914 3.030872917
3.030891076 3.053980324
3.053988705 3.06465738
3.064676377 3.081003032
3.081021191 3.098346577
3.098359428 3.115139215
3.115155977 3.131415584
3.131426759 3.148130838
3.148148438 3.15541221
3.15542534 3.172105672
3.17211936 3.189119287
3.189129065 3.206207493
3.206219785 3.22927467
3.229299254 3.249872819
3.249892374 3.26695376
3.266972756 3.28392128
3.284001738 3.301963798
3.30198894 3.31871397
3.318732408 3.335760551
3.335772005 3.352865238
3.352889822 3.37035545
3.370370536 3.383095058
3.383132214 3.401173053
3.401294577 3.417776282
3.417801983 3.434097629
3.434113833 3.462148402
3.462166002 3.478729279
3.478745761 3.494747237
3.494756735 3.509818427
3.509835468 3.526618605
3.526640954 3.539799612
3.53981805 3.560739983
3.560750319 3.572639818
3.57265658 3.588825955
3.588842437 3.605609651
3.605625854 3.623692397
3.623706086 3.639976589
3.64000285 3.678278664
3.678290398 3.688717978
3.688726639 3.705562858
3.705571797 3.724546276
3.724562759 3.7407989
3.740815941 3.75805249
3.758068135 3.774737011
3.774753214 3.791722691
3.791741409 3.810748852
3.810758071 3.827495114
3.827545959 3.844812959
3.844828044 3.862228579
3.862256515 3.879888366
3.879916303 3.896641053
3.89666005 3.921427723
3.921442809 3.940625693
3.940646924 3.956557048
3.956567385 3.973815108
3.973823489 3.990256862
3.990272227 4.006421486
4.006434337 4.02324178
4.023249881 4.040925034
4.040952132 4.056802471
4.056815602 4.079846181
4.079860988 4.089839072
4.089848011 4.107478743
4.107503048 4.14149005
4.141511003 4.160092134
4.160119512 4.177578715
4.177594359 4.195389077
4.195408074 4.213622402
4.21364056 4.22600135
4.22602314 4.249162673
4.249190609 4.263794142
4.263822079 4.281793915
4.281819058 4.293152622
4.293174412 4.306734794
4.306746527 4.323987267
4.323998162 4.345466533
4.345490279 4.377999998
4.378017039 4.395803377
4.395820418 4.414249576
4.414276116 4.425769197
4.425791267 4.445801351
4.445819231 4.465884071
4.465894687 4.482832314
4.482848797 4.492976621
4.492986958 4.506563823
4.506576395 4.52322404
4.523240243 4.531544093
4.531558341 4.545339143
4.545350038 4.557789327
4.557799942 4.593532697
4.593547224 4.612008509
4.612018846 4.629397871
4.629426925 4.647243154
4.647260754 4.666141647
4.666165113 4.683502511
4.683544416 4.702863352
4.702883187 4.720385691
4.720402732 4.739398722
4.739416322 4.751600833
4.751619271 4.771968504
4.771986383 4.782731883
4.782758143 4.799944686
4.80000894 4.837123154
4.837143827 4.849511599
4.849536741 4.867283132
4.867298776 4.88641182
4.886426068 4.905179289
4.905208064 4.917844028
4.917875037 4.932160092
4.932169869 4.954222394
4.95425033 4.972412694
4.972439793 4.984716213
4.984735769 5.003929271
5.003960001 5.015120915
5.015135163 5.031750124
5.03177387 5.070045215
5.070091869 5.081859565
5.081878003 5.10274155
5.102806083 5.12031166
5.120327304 5.132360118
5.132367661 5.148451549
5.148469987 5.168479234
5.168495995 5.186832405
5.186846652 5.197155783
5.19717925 5.211980573
5.212016332 5.223651888
5.223665856 5.239013059
5.239030659 5.257099435
5.257117594 5.3050952
5.30511252 5.325169819
5.325197476 5.343637808
5.343657922 5.362510319
5.362576249 5.37549046
5.375511412 5.400345574
5.400373511 5.419869006
5.419885209 5.432319191
5.432348245 5.4513948
5.451421898 5.464099487
5.46410703 5.482004836
5.482026347 5.498337358
5.498347415 5.516317017
5.516325398 5.537244259
5.537310469 5.547241059
5.547262291 5.563933125
5.563944021 5.580959592
5.580976074 5.598118754
5.598128811 5.612875659
5.612886275 5.630197692
5.630208587 5.648854253
5.648883307 5.665855577
5.665891894 5.686171007
5.686181623 5.70465576
5.704683138 5.71665002
5.716669017 5.731917604
5.731931572 5.763912452
5.763930052 5.783352912
5.783366601 5.80197958
5.801994945 5.821947482
5.821972066 5.832873452
5.832886862 5.853804044
5.853833098 5.8740298
5.874041813 5.886917749
5.886976695 5.902808317
5.902829549 5.920734339
5.920745793 5.936763191
5.936770455 5.953257467
5.953268083 5.972987348
5.972997405 6.00438687
6.004400839 6.02133651
6.021351316 6.038666087
6.038684805 6.047283942
6.047297631 6.067782916
6.06780778 6.088559579
6.088576621 6.108535861
6.108557093 6.128278594
6.128295076 6.147238824
6.147257821 6.153629302
6.153639638 6.169150827
6.169160605 6.186397991
6.186416429 6.195099935
6.195109434 6.211744509
6.211767697 6.239231522
6.239251636 6.258446254
6.258489276 6.277096949
6.277115387 6.295899898
6.295907999 6.312198617
6.312211467 6.334173198
6.33418996 6.349292716
6.349309199 6.363356236
6.363373836 6.381436746
6.381451273 6.400433015
6.400475479 6.411209245
6.411222376 6.424206148
6.424214808 6.464716046
6.464734763 6.480742943
6.480770879 6.48896829
6.488976671 6.503911251
6.503932762 6.522795774
6.522814491 6.537878975
6.537893223 6.555370026
6.555386788 6.577934625
6.577942168 6.587800684
6.587866893 6.604381003
6.604391898 6.620418238
6.620428295 6.636601299
6.636619458 6.652021137
6.652067791 6.667014382
6.667026954 6.702376419
6.702404914 6.718665918
6.718681842 6.735187293
6.735198468 6.752577771
6.752607105 6.770159894
6.770177494 6.789024303
6.789042182 6.803550452
6.803560788 6.821436523
6.821450212 6.838316881
6.838347611 6.856708045
6.856733747 6.870916554
6.870935551 6.89040311
6.890419592 6.912815734
6.912824394 6.928374696
6.928393413 6.941440042
6.941463509 6.957877328
6.957900236 6.974108161
6.974122967 6.988897471
6.988912557 6.99907111
6.99908033 7.023337043
7.023387887 7.032036753
7.032060778 7.049786774
7.049802977 7.066848998
7.066867157 7.081308657
7.081317038 7.098717573
7.098734615 7.145031281
7.145095535 7.157911131
7.157923982 7.178180187
7.178200022 7.190375592
7.190384811 7.206784661
7.206797232 7.225554364
7.225568891 7.245228653
7.245254075 7.256385378
7.256408007 7.273895145
7.273906878 7.289538474
7.289552163 7.30641939
7.306435314 7.331630136
7.331644105 7.340116132
7.340127027 7.370791259
7.370818636 7.389268748
7.389289141 7.407375238
7.407393117 7.422956269
7.422967164 7.439437414
7.439447192 7.457398355
7.457415397 7.473418828
7.473430003 7.490091616
7.490115363 7.506714121
7.506729206 7.523653704
7.523677171 7.540581833
7.540624576 7.556341379
7.556404515 7.573895564
7.57391037 7.619265296
7.619282058 7.635478531
7.635582734 7.653034673
7.653054228 7.670555335
7.670584948 7.688293904
7.688326589 7.7068809
7.7068985 7.715666655
7.715691518 7.732415153
7.732426886 7.748036412
7.748044514 7.763086927
7.763095588 7.778769368
7.778781939 7.788063847
7.788075859 7.80432513
7.804341612 7.83789867
7.83790761 7.8530492
7.853064565 7.869725621
7.86974406 7.886278841
7.886306498 7.903550591
7.903565677 7.922579265
7.922593792 7.932869679
7.932886721 7.949035143
7.949047714 7.964282331
7.964292668 7.980674917
7.980693076 7.99841153
7.998429689 8.007320482
8.007343669 8.023948015
8.02396338 8.054622024
8.054631243 8.06522002
8.065242928 8.082026906
8.08203836 8.09884217
8.098894411 8.116674046
8.11669025 8.132808219
8.132828054 8.153133428
8.153161924 8.166979043
8.167008656 8.179207691
8.179218027 8.19423111
8.194251783 8.208805309
8.208819836 8.224791977
8.224799519 8.232403
8.232412778 8.256842419
8.256849682 8.266917722
8.266931969 8.295019059
8.295043923 8.306049789
8.306061523 8.33230676
8.332323522 8.341477198
8.341491445 8.358315093
8.35832543 8.367273214
8.367297519 8.383897953
8.383921419 8.400529118
8.40054113 8.415732725
8.415745576 8.431304816
8.431314873 8.437227356
8.43724328 8.450560895
8.450578774 8.467653849
8.467668655 8.480083642
8.480101521 8.497768011
8.497787567 8.521379951
8.521397271 8.531117501
8.531129793 8.548694316
8.548720018 8.569903716
8.569931932 8.591077636
8.591094677 8.607016812
8.607045866 8.624913502
8.624938086 8.642528868
8.642543115 8.656411638
8.656430635 8.66805446
8.668065914 8.68250797
8.682516631 8.699002526
8.699024596 8.707917627
8.707941931 8.750000628
8.750023256 8.772989303
8.773014446 8.786463363
8.78648236 8.808440737
8.808460851 8.815881069
8.815905653 8.839762595
8.839796957 8.851738698
8.851753504 8.868753151
8.868763488 8.883071171
8.88308933 8.899994552
8.900003771 8.915194528
8.915204585 8.939178861
8.93920596 8.979280606
8.979290384 8.999492392
8.999509433 9.014166883
9.014184763 9.033916042
9.033932525 9.045671725
9.045681502 9.060637594
9.060644858 9.074438511
9.074455273 9.09457403
9.094584925 9.112372383
9.112379925 9.129382085
9.129413373 9.140753642
9.140843598 9.15804355
9.158053328 9.174386967
9.174409875 9.21280833
9.21283487 9.230334301
9.230350784 9.245484272
9.245495167 9.259717365
9.259736362 9.268626598
9.268686941 9.286670792
9.286695935 9.305676279
9.305694717 9.324621705
9.324636232 9.343986176
9.343994836 9.357007664
9.357039511 9.374068491
9.374089443 9.400871339
9.400881117 9.415802566
9.415812623 9.455819384
9.455838102 9.475377177
9.47538891 9.495103148
9.495120469 9.51441454
9.514444991 9.524066885
9.524083368 9.543598697
9.543648144 9.555741302
9.555758623 9.572348719
9.572356541 9.590932087
9.590942144 9.605459912
9.605469969 9.622109792
9.622125716 9.641641046
9.641651941 9.666701773
9.666727474 9.70182132
9.701835847 9.715422211
9.715433665 9.733397958
9.733428968 9.751324818
9.751343536 9.766041492
9.766051829 9.784833547
9.78485869 9.797304126
9.797322284 9.812998021
9.813010033 9.830166682
9.830198251 9.839433223
9.839448588 9.85483993
9.854847752 9.872050777
9.872070332 9.881572936
9.881603108 9.900508583
9.900516406 9.942397706
9.942428157 9.957270825
9.957289822 9.971366751
9.971376529 9.988967591
9.988983515 10.004489676
10.004519289 10.022012852
10.022020116 10.029831165
10.029859102 10.047184766
10.047201807 10.070621824
10.070637468 10.079752035
10.079816848 10.098452456
10.098482627 10.118990821
10.119005348 10.129885501
10.129899189 10.145929998
10.145940055 10.189515985
10.189529115 10.200241651
10.200260089 10.213306159
10.21331426 10.229011787
10.229038326 10.245499358
10.245569199 10.265368362
10.265387359 10.280265508
10.280279197 10.298587109
10.298614208 10.315085855
10.315104851 10.332585845
10.33260149 10.352692869
10.352718012 10.373265317
10.373285431 10.394833979
10.394862195 10.424120942
10.424185475 10.450016691
10.450036247 10.464490318
10.464506521 10.482461038
10.482470257 10.500894667
10.500909752 10.516389372
10.516415353 10.534756511
10.5347702 10.548185871
10.548203751 10.566252134
10.566281467 10.581772543
10.581782042 10.599817853
10.599843554 10.620149488
10.620159825 10.657611232
10.657627994 10.683028707
10.683039323 10.703750616
10.703764584 10.720227848
10.720248801 10.73485373
10.734869375 10.750994888
10.751006622 10.76969503
10.769710675 10.785773889
10.785796238 10.799950272
10.799965916 10.817753094
10.817770694 10.832947761
10.832963685 10.848680488
10.848690266 10.866591423
10.866608744 10.899144164
10.899160088 10.908333321
10.908349524 10.92364197
10.923650072 10.939785922
10.939796538 10.957679257
10.95769993 10.977849419
10.977877076 10.996695948
10.996766627 11.011129626
11.011137448 11.024798122
11.0248783 11.04051688
11.040534201 11.056547131
11.056561378 11.074068351
11.074079805 11.09211869
11.092130702 11.121282452
11.121293347 11.131749146
11.131816473 11.150949351
11.150961922 11.166367792
11.16637757 11.182862346
11.182871006 11.201948012
11.201958069 11.218998782
11.219007443 11.233031012
11.233058949 11.249355993
11.249367447 11.26732755
11.267339563 11.288554829
11.288569076 11.301198057
11.301208114 11.317916661
11.317927277 11.368680377
11.368695463 11.382976046
11.383002307 11.39971393
11.399725104 11.415142147
11.415164216 11.432618949
11.432651355 11.452809225
11.452829898 11.466921353
11.466928896 11.484401509
11.484459896 11.502592367
11.502601865 11.516471506
11.516489385 11.53187961
11.531890226 11.548252639
11.548262697 11.567733329
11.567752046 11.598239998
11.598248659 11.618827532
11.618838427 11.632154085
11.632164142 11.648185174
11.648199142 11.66483729
11.664845671 11.680871171
11.680903018 11.700970095
11.700994679 11.727321208
11.727337132 11.742592144
11.742642429 11.758496959
11.758510369 11.777067196
11.777082561 11.807338641
11.807354285 11.829837311
11.829849882 11.849533947
11.849546239 11.860675028
11.860690952 11.874159424
11.874171158 11.890382715
11.890397801 11.906753231
11.906837879 11.922163012
11.922172789 11.937827571
11.937835393 11.95632713
11.956337187 11.972360452
11.972377214 11.990052925
11.990069407 12.007772774
12.007792329 12.027138643
12.027166859 12.04844135
12.048450848 12.071260173
12.071271906 12.089761407
12.089770346 12.10866381
12.108675822 12.125322631
12.125341069 12.145564868
12.145930557 12.1551348
12.155145136 12.171475143
12.171484642 12.189429103
12.189586106 12.205452646
12.205467732 12.22323284
12.223249043 12.24166088
12.241687978 12.256974838
12.256984057 12.300953892
12.300962273 12.313142591
12.313168013 12.32842554
12.328441464 12.345104474
12.345113135 12.364670089
12.364682102 12.380486626
12.38051121 12.399732925
12.399749687 12.413950096
12.413961829 12.430246302
12.430276473 12.444447547
12.444466544 12.460980934
12.460995181 12.482727272
12.48273705 12.50320697
12.503220938 12.538878543
12.5388886 12.556402558
12.556425187 12.571401951
12.571413963 12.586381508
12.586399108 12.602851478
12.602861535 12.619346312
12.619353576 12.636611634
12.636626161 12.65460666
12.654634037 12.671702408
12.671719449 12.688275184
12.688288593 12.702805522
12.702828989 12.718284306
12.718291849 12.762753086
12.762768451 12.782468161
12.782486599 12.798385827
12.798399237 12.819724014
12.819749995 12.836604931
12.836621692 12.850014177
12.850031777 12.864663525
12.864688388 12.879380479
12.879395844 12.896056061
12.896076734 12.910782235
12.91079341 12.925080979
12.925111989 12.941680017
12.941687839 12.958224298
12.958235193 12.988520607
12.98853262 13.017916522
13.01793915 13.028884397
13.028916524 13.041505832
13.041527064 13.058062686
13.058070508 13.075676657
13.075703476 13.097733649
13.097761027 13.11177035
13.11177929 13.127403062
13.127428484 13.142148513
13.142171421 13.157808882
13.157826762 13.173871538
13.173890535 13.192064354
13.192075249 13.222321831
13.222335799 13.238252626
13.23827721 13.260721123
13.260730622 13.275061773
13.27507658 13.290690295
13.290714321 13.308611568
13.308622743 13.324872294
13.324924815 13.345332157
13.345350037 13.364374241
13.364382901 13.380860974
13.38087606 13.396620798
13.396631694 13.41110113
13.411112304 13.427173005
13.427190885 13.459850902
13.459869898 13.474794701
13.47481258 13.490419031
13.490449482 13.507922375
13.507939416 13.522949703
13.522957525 13.5460085
13.546024424 13.558114228
13.558124844 13.572794307
13.572802409 13.590507451
13.590545445 13.606399974
13.606425955 13.622124598
13.622135214 13.638633958
13.638650441 13.678925952
13.678945787 13.690229902
13.690255324 13.705771542
13.70582993 13.725078185
13.725104166 13.741301477
13.741327737 13.756651473
13.75667047 13.772550699
13.772561874 13.788865902
13.78889328 13.805818894
13.805828951 13.822915761
13.822930288 13.838755482
13.838770847 13.857849809
13.857867968 13.875939538
13.875951272 13.907626528
13.907681563 13.921491137
13.921508457 13.934588892
13.934603419 13.950062926
13.950073542 13.967236336
13.967244717 13.989709306
13.989736404 14.006784938
14.0068017 14.027506567
14.027550987 14.040319648
14.040331941 14.054876805
14.054890215 14.066798712
14.066817988 14.085327323
14.085344644 14.104995466
14.105006641 14.131772053
14.131779595 14.150534773
14.150561034 14.170409924
14.170419143 14.18270199
14.182716796 14.20266626
14.202685256 14.218060393
14.218074641 14.232573692
14.232589895 14.255089681
14.255108678 14.270550585
14.270563715 14.287038156
14.287048772 14.303238258
14.303252506 14.319277728
14.319286668 14.335011571
14.335021907 14.355710291
14.355724538 14.366734597
14.366756108 14.385531401
14.385559617 14.398585851
14.398603172 14.414475022
14.414485918 14.432488764
14.432499659 14.445216639
14.445239268 14.460065454
14.46007607 14.474222281
14.474240998 14.49521629
14.49524702 14.511236761
14.511250449 14.527641641
14.527649463 14.540644131
14.540655026 14.573256656
14.573265875 14.590412187
14.59041973 14.607024635
14.607050057 14.624218719
14.624234642 14.64260709
14.642623852 14.659370951
14.659388551 14.6768282
14.676842447 14.697732531
14.697750969 14.716266732
14.716292154 14.729931595
14.73003077 14.746220817
14.746239255 14.762621785
14.762633797 14.777187323
14.777213024 14.8099264
14.810014679 14.823059353
14.823077512 14.839631014
14.839660068 14.855757085
14.855764907 14.87186025
14.871875336 14.888861292
14.888879172 14.904789853
14.904804101 14.920987443
14.920998338 14.93409246
14.934105311 14.951848349
14.951859244 14.966981555
14.966991612 14.993807591
14.993833572 15.010578438
15.010596596 15.029945425
15.0299566 15.049200665
15.049213236 15.06548402
15.065501061 15.089466397
15.089486791 15.10148664
15.1015129 15.126888193
15.126974237 15.134021221
15.134031837 15.158852032
15.158877733 15.171276514
15.171302495 15.184643019
15.184656149 15.199969827
15.199979326 15.216696534
15.216708546 15.25531904
15.255331053 15.272198002
15.272208059 15.287728746
15.287753889 15.305505586
15.305520951 15.320986046
15.321009513 15.337998822
15.338012231 15.354504831
15.354522151 15.371161696
15.371186839 15.387963832
15.388003781 15.402998424
15.403007644 15.420198934
15.42022687 15.43237199
15.432389311 15.441993604
15.44200869 15.464882824
15.464893161 15.489064391
15.489074169 15.508763822
15.508781422 15.523493347
15.523504522 15.545888094
15.54589871 15.55713617
15.557143433 15.575993875
15.57600952 15.593157509
15.593185725 15.614204038
15.614215771 15.6306606
15.630670377 15.647000943
15.647009604 15.6630108
15.66302393 15.679784161
15.679801761 15.696882704
15.69695031 15.729228993
15.729244637 15.747022874
15.747036842 15.761110139
15.761124108 15.779280047
15.779307704 15.792338689
15.792356848 15.813441372
15.81345981 15.83117491
15.831184129 15.848955662
15.848963484 15.86615729
15.866167906 15.882482548
15.882491768 15.907585459
15.907606132 15.93156281
15.931621197 15.944361362
15.944369464 15.983985114
15.984003273 15.99047728
15.990502144 16.005640658
16.005649598 16.021556369
16.021566427 16.038037514
16.038048689 16.056012145
16.056019688 16.075510154
16.075540047 16.092569025
16.092598918 16.109871505
16.109887428 16.125380737
16.125408115 16.14183227
16.141850708 16.157651879
16.157659422 16.176662674
16.176678877 16.197313065
16.197328989 16.214375009
16.214383111 16.230617018
16.2306335 16.246909313
16.246921325 16.262527498
16.262540349 16.287095705
16.287105483 16.298055197
16.298082016 16.313694616
16.313710819 16.328942644
16.328960524 16.34529975
16.345316232 16.355131167
16.355148767 16.370199005
16.370226382 16.392286727
16.392305445 16.431092776
16.431107862 16.442961324
16.442989261 16.461851155
16.461881047 16.479619336
16.479638891 16.495205954
16.495222995 16.511991606
16.512017028 16.524072471
16.524091748 16.538623204
16.538632702 16.562042101
16.562073949 16.572135843
16.5721459 16.595326777
16.595356111 16.610876241
16.610887695 16.631311798
16.631339176 16.660571942
16.660624463 16.681647526
16.681700885 16.698530119
16.698547719 16.714743911
16.714761232 16.73281213
16.732831686 16.746067445
16.746095102 16.767492235
16.767546712 16.783516059
16.783560758 16.804020063
16.80403431 16.820663798
16.820688661 16.838416891
16.83843477 16.854647168
16.854672869 16.866974711
16.866998457 16.897360976
16.897393103 16.90909431
16.909118335 16.925589144
16.925607582 16.941808525
16.941821655 16.959717225
16.959732311 16.975620085
16.975639081 16.992391769
16.992401826 17.010347124
17.010371987 17.027370515
17.027384483 17.041982988
17.041993883 17.059912082
17.059937505 17.075414052
17.075433049 17.114152494
17.114203618 17.142307192
17.142322557 17.16042765
17.160455866 17.178323501
17.178348644 17.196575261
17.196595096 17.215546947
17.215560915 17.236253208
17.236263824 17.255483307
17.255500348 17.268490826
17.268508147 17.285550815
17.28557065 17.302976215
17.302994932 17.320054362
17.32008146 17.337603521
17.337630898 17.376258991
17.376266814 17.392658004
17.392674766 17.409986742
17.409997079 17.427890135
17.42791891 17.449593173
17.449617477 17.467574508
17.467584286 17.482855501
17.482866955 17.499727477
17.499737254 17.516449156
17.516457816 17.531850834
17.531876536 17.540623456
17.540647482 17.557535104
17.557542647 17.575369215
17.575381786 17.597736861
17.597748874 17.622959619
17.622967162 17.640416867
17.640444524 17.657353657
17.657367067 17.679958205
17.679975805 17.691753839
17.691761661 17.708759351
17.708773598 17.725241335
17.725253347 17.742310544
17.742327026 17.757517503
17.757535383 17.772248427
17.772264071 17.788168608
17.788175871 17.805100646
17.805116291 17.82246263
17.822485538 17.839262808
17.839282643 17.87035028
17.870374864 17.891157673
17.891188403 17.90478259
17.904893498 17.915807454
17.915829244 17.93387679
17.933888802 17.950482253
17.950492589 17.968234787
17.96824261 17.980740009
17.980764313 17.992658563
17.992667503 18.002055008
18.002064786 18.016255137
18.016269384 18.031002263
18.031014834 18.04243025
18.042445615 18.083176491
18.083193812 18.100730118
18.100757216 18.117465486
18.117479734 18.135195673
18.135212435 18.152233871
18.152259573 18.16898209
18.169001366 18.185618002
18.185645938 18.202100544
18.20212876 18.218881169
18.218899887 18.236799367
18.236827024 18.242904892
18.24291886 18.25773052
18.257741694 18.275707107
18.27572303 18.307003821
18.30702198 18.323775226
18.323789194 18.341459038
18.341467978 18.358360627
18.358384653 18.374889264
18.374905188 18.391444442
18.39145841 18.40409577
18.404123427 18.428752256
18.428779354 18.442105071
18.442123509 18.451945705
18.451958836 18.465878483
18.465895244 18.483180962
18.483192136 18.500948023
18.50096283 18.523598947
18.523607328 18.549767357
18.549775179 18.56586661
18.565887842 18.586827374
18.586845532 18.605902145
18.605918349 18.618245332
18.618281929 18.630998071
18.631019862 18.645353249
18.645368893 18.659130976
18.659142989 18.675588656
18.675608771 18.692975781
18.693026346 18.705884685
18.705957878 18.72708654
18.727116153 18.748671687
18.748682861 18.766048756
18.766066915 18.782796135
18.782822116 18.79944462
18.799472836 18.816475276
18.816482819 18.833690314
18.833705679 18.851702379
18.851731154 18.86491188
18.864932273 18.885930752
18.885958968 18.899102538
18.899130754 18.910410958
18.91041878 18.926477246
18.926498757 18.944664194
18.944680398 18.953055485
18.953066101 18.982161139
18.982174828 18.992137267
18.992150397 19.013355606
19.013379911 19.025849373
19.025866973 19.042167089
19.0421886 19.061489936
19.06150586 19.079920211
19.079939488 19.097389192
19.09741657 19.110076278
19.110108684 19.129039024
19.129064167 19.150813858
19.150829782 19.164922356
19.164949455 19.186419781
19.186438219 19.203585091
19.203611072 19.221352992
19.22138037 19.238410466
19.238424434 19.256078076
19.256105453 19.272659791
19.272675435 19.289920924
19.289939082 19.307263352
19.307289891 19.32742122
19.327437144 19.342089566
19.342119458 19.359974519
19.359984576 19.380763196
19.380772415 19.39838834
19.398415159 19.416593168
19.416621384 19.434582606
19.434627584 19.450549159
19.45056648 19.466184388
19.466200032 19.483394954
19.483408643 19.499879452
19.499895376 19.517128014
19.517143938 19.533068586
19.533091494 19.549213376
19.549230417 19.565830291
19.565849009 19.613009751
19.613020367 19.633501183
19.633512079 19.650954797
19.650970442 19.666520184
19.666538063 19.684586448
19.684604048 19.699704848
19.699723845 19.711824267
19.71184494 19.723575761
19.723588891 19.740361412
19.740423711 19.757952475
19.757961415 19.775446598
19.775464198 19.792783997
19.792798803 19.840932296
19.84096107 19.865184539
19.865194596 19.88140392
19.881411462 19.898000721
19.898010499 19.916343556
19.916369816 19.938890834
19.938908993 19.947628537
19.947645299 19.968999969
19.969015893 19.985607386
19.985631411 19.997703058
19.99771535 20.014419429
20.014430045 20.031043327
20.031051988 20.048820728
20.048834976 20.082220503
20.082229722 20.098183427
20.098200747 20.114085446
20.114109471 20.130404002
20.130414338 20.147454773
20.147471814 20.16485
20.164861453 20.181149837
20.181165761 20.198253407
20.198305927 20.21453732
20.214554362 20.231447571
20.231458466 20.248512308
20.248529628 20.265741593
20.265763663 20.300665026
20.30067201 20.323952065
20.323968548 20.337687608
20.337698224 20.351905059
20.351920982 20.370234763
20.370259627 20.38829823
20.388325329 20.405395097
20.405412697 20.422879442
20.422902071 20.435668217
20.435768789 20.45315843
20.45321123 20.468450597
20.468470991 20.48706665
20.487086485 20.505599174
20.505616774 20.539178022
20.5391878 20.564785465
20.564810887 20.574695664
20.574706838 20.591336048
20.591353089 20.607355959
20.607367134 20.622996775
20.623015493 20.639169501
20.639181514 20.655086049
20.65509862 20.664419638
20.664431092 20.686322701
20.686343653 20.707983276
20.7079992 20.721543378
20.721570755 20.740129261
20.740146581 20.778272656
20.778299475 20.795450816
20.795467298 20.81294913
20.812958628 20.829835634
20.829853513 20.847197336
20.84721326 20.865290699
20.865308857 20.882892655
20.882908299 20.90084829
20.900867846 20.918489917
20.918518413 20.93975547
20.939781451 20.953298812
20.953306634 20.966603853
20.966627319 21.008259426
21.008268925 21.026644446
21.026658973 21.038574175
21.038590657 21.05484328
21.054871217 21.068121226
21.068133518 21.084880898
21.084891234 21.101800366
21.101826626 21.11813261
21.118146578 21.133777893
21.133789068 21.15029815
21.150319382 21.166161899
21.166170559 21.182871005
21.182879665 21.216146742
21.21615624 21.24596869
21.245996068 21.265085085
21.265101009 21.284691768
21.284703501 21.301190232
21.301208111 21.321421855
21.321438058 21.334388307
21.334412892 21.350851013
21.350866937 21.367063689
21.367078216 21.385664097
21.385681418 21.407242817
21.407288633 21.427001195
21.427009297 21.456902202
21.45692064 21.472201075
21.472228173 21.489969532
21.48998825 21.508616876
21.508626095 21.525457003
21.525466222 21.543263178
21.543271 21.559276387
21.559285326 21.576197252
21.576208426 21.591365381
21.591380746 21.60626923
21.606279846 21.621055467
21.621069156 21.637695851
21.637714568 21.654792156
21.654841604 21.69206058
21.69207818 21.706126335
21.706134157 21.724195672
21.724224446 21.733434554
21.733445449 21.758291345
21.758308945 21.776487232
21.776502876 21.793054422
21.793065318 21.809435835
21.809462933 21.825621969
21.825639289 21.838298441
21.839435457 21.855457885
21.855478558 21.875871931
21.87589009 21.892477953
21.89250561 21.914825205
21.914841129 21.931049335
21.931060509 21.953646341
21.953661985 21.973474559
21.97350501 21.985090003
21.985098384 22.001099578
22.001110194 22.02275261
22.022764064 22.039311418
22.039318682 22.052729045
22.052738544 22.066505098
22.066515435 22.08381456
22.083823779 22.101015909
22.101027922 22.134104472
22.134120954 22.152781147
22.152797071 22.169387448
22.169402534 22.187441697
22.187458459 22.211722997
22.211739759 22.223710273
22.223722285 22.241384866
22.241395762 22.25560511
22.255619357 22.269808311
22.269868933 22.287583476
22.287629013 22.305465357
22.305479045 22.318212507
22.318253574 22.34128639
22.341298962 22.364684057
22.364692996 22.387443093
22.387452592 22.402223465
22.402241065 22.417268114
22.417275936 22.434898847
22.434915609 22.451394518
22.451410162 22.469212985
22.469231702 22.48713705
22.487164986 22.504924506
22.504954398 22.522830134
22.522848293 22.53579016
22.535818656 22.547774087
22.547783306 22.562063892
22.562071155 22.603678679
22.603688177 22.623709435
22.62372508 22.64139213
22.641417553 22.655012016
22.655020956 22.666773289
22.666840616 22.681228477
22.681252223 22.697093343
22.697102283 22.713586502
22.713603263 22.727044076
22.727073969 22.739883977
22.739894314 22.756666837
22.756683599 22.769785542
22.76979951 22.791884442
22.791903438 22.80967944
22.809696201 22.835608993
22.835626873 22.859707586
22.859715967 22.871173848
22.871201505 22.889385101
22.889411641 22.901417356
22.901428531 22.917788153
22.917853524 22.93531496
22.935328369 22.951231788
22.951242124 22.967902344
22.967930001 22.991589152
22.991613457 23.005267427
23.005277205 23.019096558
23.019105777 23.035745044
23.035758453 23.073125213
23.073133873 23.086755717
23.086765774 23.104395388
23.10442053 23.122229778
23.12229068 23.140266149
23.140293247 23.159196767
23.159222468 23.1719347
23.171956211 23.184577367
23.184601392 23.201285915
23.20130128 23.217834667
23.21785087 23.233465982
23.23348442 23.250962061
23.250972677 23.268965745
23.268983066 23.290178777
23.290197495 23.310557065
23.310575503 23.328621372
23.328638972 23.363048095
23.363064298 23.374936476
23.374947092 23.39186293
23.391885 23.408881014
23.408903084 23.425963353
23.425975645 23.442555965
23.44256714 23.454542963
23.454570061 23.468155308
23.468171511 23.483816238
23.483834676 23.501706219
23.501718232 23.520185385
23.520204102 23.533737386
23.533752472 23.55018361
23.550199813 23.578060337
23.578158953 23.59305554
23.593070067 23.608368937
23.608384023 23.625231696
23.625247899 23.643251583
23.643265831 23.664970545
23.664992895 23.681556174
23.681580199 23.698263603
23.698272543 23.715096749
23.715112672 23.732829728
23.732838668 23.745687508
23.74571712 23.757580081
23.757590418 23.773914838
23.773927409 23.790649088
23.790666409 23.80791944
23.807973637 23.82622428
23.826243836 23.832409425
23.832421437 23.85340008
23.853410696 23.881686078
23.881705074 23.89515846
23.895179133 23.90774358
23.907753078 23.923779695
23.923790311 23.947691674
23.94770648 23.966404387
23.966423942 23.986447996
23.986469786 24.004375135
24.004400836 24.023432863
24.023456051 24.037019787
24.037038784 24.049948245
24.049956626 24.074620375
24.074646077 24.090827463
24.090844504 24.100496289
24.100504949 24.115827847
24.115838463 24.132154783
24.132170427 24.151911204
24.151939699 24.170004007
24.170023563 24.188748567
24.188767564 24.20699083
24.207010386 24.220230501
24.220302577 24.232971785
24.232982681 24.250127877
24.250146036 24.268043841
24.268062558 24.296567858
24.296587414 24.319226882
24.319247834 24.339265742
24.339281108 24.357905541
24.357924538 24.37157795
24.371606445 24.435560662
24.435569881 24.449985959
24.449997693 24.468539435
24.468556756 24.483496363
24.483515081 24.500351579
24.500383706 24.518455275
24.518468684 24.533583456
24.533592675 24.550585895
24.550593718 24.570306838
24.570324158 24.590994663
24.591011984 24.605688709
24.60570994 24.63194931
24.631994846 24.650396067
24.650410873 24.668448642
24.668465124 24.686297277
24.68635734 24.707277598
24.707296316 24.724260482
24.72427445 24.744130886
24.744146251 24.76761767
24.767640578 24.784321469
24.7843427 24.802407008
24.802471821 24.822410387
24.822428267 24.840859102
24.840870835 24.860001198
24.860015725 24.874354699
24.874374813 24.886480821
24.886505125 24.901236327
24.901257838 24.918508635
24.918529867 24.93944649
24.939463252 24.971267854
24.971284057 24.990828999
24.990854701 25.005092824
25.005122716 25.024156419
25.024184914 25.040017654
25.040032181 25.056360791
25.056379788 25.075729455
25.075755156 25.091294562
25.091309647 25.103208365
25.10321926 25.128130529
25.128155671 25.147459799
25.147575457 25.160360043
25.160371218 25.176522992
25.176533608 25.193834129
25.193844466 25.210362208
25.210372265 25.227041981
25.227102324 25.243920384
25.243936867 25.260768057
25.260784819 25.282933442
25.282942103 25.30055803
25.300569763 25.328241715
25.328260153 25.347365375
25.347383813 25.375335969
25.375361671 25.388961163
25.388989937 25.401779832
25.401789889 25.418245612
25.418258743 25.435101106
25.435111163 25.456126963
25.456144843 25.474900298
25.474919295 25.488190256
25.488217075 25.501415121
25.501424341 25.517135834
25.517147847 25.534808191
25.534824115 25.552143915
25.552151737 25.573338788
25.573356946 25.585248681
25.585259297 25.607320481
25.607343668 25.635908751
25.635961551 25.665559166
25.665576487 25.679721303
25.679739182 25.694967095
25.695033026 25.710002804
25.710012861 25.725450579
25.725460915 25.744850249
25.744864497 25.760476818
25.760490786 25.778214268
25.778241925 25.795489647
25.795506967 25.809670221
25.80967944 25.826547784
25.82656287 25.84758761
25.847596829 25.863016666
25.863033987 25.885967627
25.885984948 25.904647376
25.904669166 25.918384037
25.918397726 25.950138353
25.95015288 25.965047789
25.96506511 25.986204948
25.986220872 26.000820771
26.000837533 26.02142395
26.021440711 26.042057297
26.042065398 26.058719751
26.058728411 26.073360438
26.073369657 26.092088796
26.092098853 26.107816494
26.107829904 26.124011847
26.124020787 26.139835368
26.13985213 26.154493376
26.154516284 26.173798622
26.173864552 26.193621533
26.193641927 26.211771884
26.211840887 26.225281423
26.225294832 26.277696744
26.277712389 26.293428351
26.293439525 26.308854056
26.308864113 26.330293092
26.330303988 26.347341349
26.347360905 26.363029097
26.363063179 26.379951639
26.380001087 26.397138181
26.397184835 26.414356571
26.41437026 26.430903645
26.430922921 26.449306264
26.449324143 26.463324526
26.463334583 26.480243156
26.480261594 26.497705153
26.497725267 26.521262615
26.521275466 26.538353336
26.538427088 26.555255203
26.555271406 26.583332516
26.583349557 26.59319606
26.593218688 26.613493611
26.613507859 26.623814757
26.623830401 26.643291531
26.643310528 26.66087645
26.660890697 26.676813391
26.676827639 26.693190333
26.693201228 26.707798894
26.707815656 26.72514579
26.725170933 26.742070288
26.742081463 26.756412056
26.756461783 26.772272171
26.772296196 26.788915628
26.788933228 26.806636873
26.806645813 26.823257981
26.823274184 26.839772372
26.839789972 26.855882518
26.855899559 26.888524656
26.88854449 26.908779186
26.9087993 26.923815735
26.923828585 26.938459493
26.93848268 26.950374695
26.95041241 26.970753543
26.970769467 26.985141403
26.985164591 27.00736881
27.00739563 27.026613994
27.02662908 27.039859811
27.039867913 27.050279013
27.050293261 27.06938591
27.069395688 27.095591756
27.095602931 27.111911706
27.111937967 27.129211671
27.129237093 27.144852765
27.144873718 27.161775027
27.161795979 27.195786612
27.195803653 27.211908494
27.211921345 27.22891736
27.228977144 27.246389971
27.246405615 27.262956602
27.26297504 27.280283664
27.280301543 27.298701368
27.298709749 27.315485066
27.315497358 27.333440699
27.33345802 27.350480855
27.350497337 27.36759057
27.367607611 27.385832275
27.385850154 27.402617927
27.4026386 27.41995812
27.419977676 27.437438834
27.437463698 27.454358301
27.454376181 27.47192115
27.471978699 27.4909515
27.490966027 27.508998208
27.509009382 27.526653804
27.526664979 27.542070287
27.542082021 27.558992271
27.55900624 27.58949084
27.589506205 27.605126068
27.605145344 27.622149738
27.622224608 27.637398046
27.637422351 27.65047401
27.650484626 27.68092369
27.680940452 27.692201661
27.692218702 27.709147947
27.709170296 27.725172889
27.725191048 27.741526643
27.741552065 27.758732181
27.758744473 27.774935917
27.774944857 27.792599615
27.792616656 27.812624227
27.812642386 27.848427101
27.848453362 27.866205898
27.866225453 27.885770115
27.885777937 27.903576011
27.903593611 27.922112723
27.922126133 27.948716105
27.94873594 27.964271713
27.964295459 27.976949022
27.976959359 27.992526981
27.992542905 28.008942753
28.008953649 28.025912508
28.025932343 28.043815343
28.043835457 28.058750759
28.058764448 28.075770242
28.075780579 28.092364529
28.092383247 28.110480519
28.110492252 28.128637296
28.128654896 28.148389527
28.14839707 28.174460997
28.174470774 28.20506349
28.20507243 28.223939911
28.223955555 28.237782453
28.237803964 28.254497985
28.254594646 28.267204347
28.267228373 28.283869316
28.28388943 28.301176263
28.301201406 28.319121002
28.319128824 28.336940587
28.336954834 28.356202252
28.356224042 28.374303994
28.374326623 28.38722854
28.387245582 28.400591692
28.400600073 28.417159441
28.417180114 28.434684013
28.434697981 28.451507661
28.451544537 28.465573413
28.465589337 28.481122877
28.481139359 28.527605042
28.527626553 28.548052613
28.548080829 28.5716436
28.571653936 28.590968402
28.590982929 28.607286118
28.607294499 28.62390136
28.623909741 28.642859633
28.642870808 28.662135548
28.662146164 28.681848387
28.681860958 28.695308758
28.695325799 28.708792596
28.708802932 28.727025358
28.727040164 28.74219265
28.742202428 28.760208068
28.760225109 28.780071487
28.780079309 28.799417242
28.799430372 28.818834793
28.818859097 28.834349335
28.834363303 28.852895547
28.852910632 28.872819029
28.872842216 28.885369226
28.885390737 28.902465255
28.902478664 28.919232189
28.919240291 28.935728141
28.935735126 28.952852664
28.952861324 28.970284767
28.970306837 28.99051639
28.990526447 29.010429813
29.01044434 29.023743797
29.023761118 29.036161018
29.036171075 29.05861415
29.058627839 29.068582457
29.068595308 29.088547563
29.088563487 29.109356354
29.109363897 29.122100152
29.122121663 29.150076054
29.150092816 29.172581707
29.172591205 29.188653862
29.188667272 29.207697623
29.207711591 29.222898717
29.222912406 29.23973745
29.239761755 29.252578187
29.252589362 29.270165898
29.270179307 29.287286789
29.287301875 29.295115157
29.295135551 29.310889509
29.310899287 29.32695468
29.327074248 29.344048193
29.344063837 29.365066787
29.365081872 29.379276971
29.379287308 29.402677432
29.402686372 29.417546361
29.417560329 29.434715861
29.434730947 29.452289325
29.452301617 29.474897784
29.474913707 29.491728416
29.491740428 29.510516836
29.510524658 29.528020737
29.528029118 29.543624116
29.543635012 29.562698049
29.562722912 29.577067753
29.577090382 29.595654472
29.59566425 29.612758043
29.61277257 29.629709917
29.629725282 29.647780371
29.647796016 29.662981745
29.662996831 29.675483332
29.675490875 29.692666244
29.692674345 29.710414868
29.710438055 29.742363901
29.742387647 29.760379877
29.760469832 29.777651346
29.777666432 29.792738739
29.792753545 29.818455136
29.818467428 29.834606071
29.834621436 29.842305931
29.842326604 29.859092982
29.859115331 29.877415702
29.877423524 29.891696288
29.891765011 29.908881154
29.908891211 29.924303224
29.924324735 29.940453043
29.94046338 29.955128931
29.955135915 29.967244436
29.967252817 29.982666509
29.982678242 30.000503972
30.000550346 30.016868063
30.016879237 30.034640991
