0.017133463 0.025435915
0.025449604 0.041939967
0.04194751 0.058165773
0.058180021 0.073579742
0.073587285 0.08876212
0.088777764 0.127851725
0.127922125 0.157087004
0.157102369 0.17341366
0.173420923 0.189092469
0.189103364 0.202936129
0.202944789 0.218964979
0.218974478 0.235060322
0.235080995 0.253240287
0.253248668 0.27060702
0.270614004 0.28801314
0.288019845 0.299821346
0.299829168 0.315770022
0.315777285 0.347875498
0.347882482 0.378396416
0.378435807 0.401354641
0.401369168 0.411210923
0.411219304 0.430622608
0.430639649 0.445507738
0.445523941 0.469341773
0.469349595 0.488540025
0.488547847 0.503191048
0.503201105 0.521726365
0.521735025 0.538686622
0.538701987 0.554872755
0.554883092 0.596709639
0.596726959 0.612380065
0.612395151 0.628857858
0.628866239 0.650625148
0.650634926 0.667751628
0.667764479 0.683199402
0.683206107 0.700169714
0.700176978 0.712029042
0.712036865 0.728602099
0.72861048 0.747330179
0.747337442 0.763484185
0.763492566 0.777962841
0.777973178 0.819674287
0.819685741 0.83858619
0.838604349 0.860113786
0.860131107 0.877422131
0.877433865 0.893762475
0.893772252 0.908631963
0.908643976 0.93222351
0.932241948 0.954587245
0.954600375 0.969598372
0.969613178 0.986921243
0.986931021 1.004710935
1.004718477 1.022782505
1.02279759 1.057659005
1.057667665 1.079580784
1.079588607 1.105370935
1.105384623 1.120112472
1.120119736 1.137166875
1.137174138 1.152590903
1.152598725 1.167717684
1.167727183 1.187482488
1.187491987 1.200975543
1.200985321 1.216463544
1.216476395 1.235874671
1.235881935 1.250753379
1.250769023 1.276648289
1.276658067 1.297283873
1.297302311 1.324984601
1.32499382 1.341845401
1.34185462 1.358103334
1.358112274 1.375443808
1.37546029 1.395091555
1.395103568 1.412273069
1.412282288 1.425491229
1.425498213 1.446658724
1.44667353 1.458093417
1.45810096 1.474827945
1.474837443 1.491546272
1.491562196 1.534921338
1.534930836 1.555635703
1.555652465 1.56899159
1.569000809 1.584715934
1.584722918 1.60297049
1.602977474 1.624959317
1.624970212 1.650125365
1.650134863 1.66583211
1.66584105 1.683162245
1.683169788 1.698825689
1.698835746 1.717532815
1.717542872 1.751829911
1.751847232 1.772513267
1.772522207 1.786580697
1.786592989 1.808420902
1.808436826 1.825510226
1.825518048 1.842876958
1.842922774 1.862444249
1.862451512 1.876208848
1.876219184 1.892386324
1.892394146 1.906690654
1.90670155 1.921224625
1.921241666 1.937991281
1.938013072 1.966968427
1.966992732 1.995337676
1.995353041 2.017209729
2.017221183 2.031736436
2.031759065 2.050313937
2.050363664 2.067178929
2.067188148 2.083689967
2.083707288 2.097137485
2.097146146 2.111330351
2.11136164 2.129508639
2.129523446 2.145877199
2.14589424 2.165674129
2.165695082 2.205789283
2.20580856 2.224409527
2.22442573 2.245409682
2.245418901 2.262999348
2.263009685 2.275918308
2.27592613 2.291667238
2.291688469 2.30917868
2.309204102 2.326077476
2.326085019 2.353104654
2.353111917 2.374181635
2.374198397 2.390686246
2.390698818 2.41245717
2.412469741 2.444577174
2.444605669 2.463892198
2.463918738 2.486870539
2.486881993 2.503987238
2.504000368 2.517284738
2.517299544 2.533482328
2.533500766 2.551744427
2.551768452 2.569830243
2.569846725 2.586585725
2.586594386 2.602878579
2.602895062 2.622482465
2.622491684 2.642262354
2.642271853 2.687694106
2.687709192 2.703544166
2.703561766 2.721445603
2.721462365 2.736193286
2.736202505 2.751712578
2.751721797 2.766752479
2.766760022 2.783638702
2.78364848 2.80602814
2.806036521 2.817952002
2.817959266 2.841637135
2.841646913 2.863252452
2.863261671 2.89272687
2.892733854 2.921441413
2.921460968 2.937373046
2.937391484 2.953403574
2.95341894 2.973763984
2.9737746 2.988452165
2.988461663 3.004101079
3.004108622 3.020281069
3.020290847 3.036296513
3.036313554 3.053276604
3.053290293 3.068548935
3.068570167 3.08615257
3.08616123 3.102835137
3.102842121 3.150530304
3.150538965 3.172730892
3.172739832 3.188523681
3.188532621 3.206945016
3.20695647 3.225305172
3.225321934 3.242186368
3.242199777 3.262141138
3.262169074 3.28068763
3.28071389 3.301304495
3.301320139 3.316405018
3.316413958 3.33518925
3.335198469 3.379709991
3.379717813 3.399440432
3.399461663 3.416025222
3.416039749 3.436264664
3.436276677 3.453023779
3.453037747 3.481420404
3.481434931 3.500329233
3.500338452 3.520573425
3.520594936 3.539109022
3.539178304 3.559095638
3.55910793 3.578666283
3.57867662 3.609505956
3.609524394 3.628485463
3.628508092 3.65810096
3.658111576 3.678904441
3.678912822 3.697098654
3.697111784 3.709034249
3.709044586 3.73650869
3.736516513 3.755814497
3.755828465 3.767128782
3.767139398 3.783081928
3.783096175 3.799823721
3.799832102 3.820385831
3.820436675 3.868035742
3.868048872 3.884486157
3.884495376 3.90346706
3.903477676 3.919108434
3.919128549 3.935130025
3.935137847 3.951332641
3.951342698 3.967529673
3.967541127 3.985526932
3.985534754 4.000365408
4.000374907 4.017603634
4.017611735 4.032337071
4.032344614 4.068323488
4.068334942 4.087680139
4.087689637 4.110909347
4.110924712 4.129127305
4.129146861 4.146931803
4.146946051 4.168258535
4.168267754 4.1863153
4.18632396 4.205027735
4.205035557 4.224713754
4.224723811 4.243124476
4.243136209 4.266200312
4.266212046 4.281372632
4.281397216 4.314648649
4.314666249 4.329282074
4.329297998 4.346174445
4.346191486 4.367249189
4.367260084 4.390040354
4.390057675 4.406951162
4.40696066 4.417199672
4.417212243 4.436370824
4.436395688 4.460136134
4.460147868 4.484188075
4.484198412 4.497690907
4.497701522 4.527415635
4.527425972 4.562507526
4.562516745 4.579114105
4.579131146 4.596500673
4.596508216 4.618255671
4.618266287 4.643075308
4.643088159 4.660593734
4.66060854 4.675687552
4.67569705 4.688101421
4.688117344 4.704146757
4.704159328 4.723354225
4.723361488 4.738610634
4.738621529 4.77225206
4.772266867 4.797177016
4.797186235 4.81508823
4.815102478 4.830030353
4.830053819 4.846954851
4.84696379 4.862264617
4.862288642 4.878797446
4.878806385 4.896036228
4.89604377 4.923210353
4.923225718 4.939445934
4.939454874 4.955537645
4.955554127 4.987408734
4.98742801 5.021664205
5.021682084 5.04588544
5.045892424 5.059648643
5.05966289 5.076143755
5.076166663 5.092488011
5.09250589 5.109135099
5.109161639 5.125647254
5.125656753 5.146051522
5.146062418 5.159855512
5.159870598 5.177936302
5.177946359 5.217868192
5.217875456 5.24860003
5.248610367 5.27513441
5.275145025 5.289739339
5.289749396 5.302670031
5.302690704 5.318587698
5.318599152 5.347819065
5.347838342 5.360309481
5.360323169 5.376127413
5.376191388 5.392727567
5.392736786 5.41680046
5.416826161 5.433884473
5.433892854 5.471042829
5.471050372 5.490312874
5.49033215 5.510814364
5.510827773 5.526720015
5.526728116 5.544198494
5.544210507 5.559852998
5.559861938 5.579981254
5.579989914 5.601737092
5.601751619 5.618373843
5.618383062 5.634175293
5.634226975 5.652175066
5.652190431 5.66757451
5.667639882 5.697808798
5.697822767 5.729212232
5.729230391 5.744761415
5.744787396 5.764770104
5.764803069 5.775548847
5.775558904 5.792173586
5.792184761 5.809234414
5.809244192 5.825768637
5.82577618 5.842828349
5.84285405 5.858318305
5.858336464 5.874976568
5.874986346 5.898674831
5.89870193 5.938507269
5.938521516 5.965153951
5.96516317 5.98609013
5.986105496 6.005298439
6.005314362 6.017230402
6.01724046 6.034646582
6.03465608 6.05134647
6.051355131 6.06788265
6.067892148 6.090743935
6.090751478 6.110926389
6.110934212 6.132571876
6.13259646 6.161094776
6.16111098 6.191776888
6.191785548 6.209549257
6.209564622 6.227086123
6.227100371 6.245575066
6.245589034 6.259993379
6.26001042 6.275926967
6.275942612 6.292843364
6.292857612 6.312183811
6.312193309 6.327599458
6.327660919 6.344329795
6.344349909 6.361542039
6.361556566 6.377018867
6.377047083 6.419825703
6.419833526 6.437518735
6.437534658 6.45233682
6.452348553 6.468803157
6.468816287 6.486189446
6.486200062 6.503134895
6.503148025 6.528350112
6.528357655 6.543981148
6.543990087 6.565032986
6.565055335 6.579898284
6.579913928 6.597650817
6.597673167 6.637584665
6.637601707 6.650989999
6.651005084 6.66268115
6.662690928 6.69195219
6.691966996 6.713408827
6.713422795 6.729972385
6.729998645 6.748156817
6.74818224 6.774213202
6.774220466 6.792636494
6.792655211 6.812406884
6.812418338 6.846665428
6.846687218 6.872250245
6.872260302 6.88679874
6.886807121 6.908473842
6.908490883 6.929235699
6.929251064 6.948310749
6.948326393 6.9665058
6.96651865 6.987417394
6.987427451 7.005068521
7.005083606 7.022702886
7.022716854 7.05023264
7.050248005 7.067282574
7.06729291 7.107056622
7.107119479 7.123587774
7.123603978 7.136855103
7.136925503 7.154837276
7.154847333 7.175822625
7.17583799 7.192372774
7.192384507 7.210049879
7.210059657 7.228104409
7.228118378 7.245178368
7.245188984 7.262485594
7.26250068 7.280425585
7.280444023 7.305217841
7.305256672 7.338093808
7.338109173 7.35589579
7.355916463 7.374274104
7.374295894 7.397002133
7.397015822 7.411970515
7.411980293 7.430185958
7.430200765 7.444942862
7.444952081 7.461842217
7.461852554 7.480774232
7.480787362 7.49640499
7.496413371 7.514915442
7.514923823 7.549004412
7.549030952 7.572503768
7.572519692 7.595184303
7.595231236 7.612211608
7.612231722 7.629247013
7.629266848 7.655757645
7.655772172 7.670108352
7.670119526 7.68604166
7.686060657 7.705292991
7.70535473 7.719841209
7.71985825 7.739664676
7.739681718 7.755383156
7.755395727 7.797968176
7.797986335 7.817229564
7.817257779 7.834585681
7.834600488 7.851669414
7.851682824 7.870650599
7.870664288 7.885187084
7.885204125 7.902299313
7.902319148 7.918783532
7.918794148 7.934170404
7.934184651 7.951810355
7.951827397 7.966713366
7.966730687 7.984253026
7.984266994 8.022981971
8.02299985 8.050015574
8.050032336 8.069711094
8.069724224 8.0851449
8.085154677 8.104896292
8.104921714 8.126871433
8.126885959 8.145626328
8.145641972 8.163641468
8.163667169 8.180389128
8.180396671 8.192941839
8.192954969 8.210784889
8.210797461 8.232230912
8.232247115 8.264059817
8.264084959 8.288838106
8.288858221 8.307198539
8.307213346 8.331503584
8.331514759 8.350529188
8.350540083 8.369798674
8.369814039 8.384856734
8.384875731 8.40348061
8.403503797 8.422966046
8.422976103 8.441256919
8.441279547 8.456505505
8.456518356 8.497833663
8.497842044 8.513568623
8.513577283 8.531291268
8.531300487 8.546450176
8.546458278 8.566673697
8.566691576 8.591551999
8.591562336 8.611357867
8.611365689 8.625875075
8.625885133 8.641051865
8.641061364 8.657989212
8.657997035 8.673506269
8.673518561 8.712909601
8.712920496 8.737852436
8.737862773 8.754755142
8.754765199 8.772697368
8.772710498 8.788505522
8.788524239 8.804659251
8.804678806 8.81786037
8.817872662 8.834820906
8.834829007 8.850153301
8.850168387 8.865079221
8.865150738 8.883053292
8.883064746 8.898607783
8.898623707 8.943057566
8.94306874 8.95992675
8.95993988 8.97907695
8.979083934 8.993764849
8.99377323 9.009769118
9.009784204 9.026538847
9.026553094 9.043633478
9.043655268 9.059792795
9.059808998 9.074013037
9.074021977 9.093122449
9.093136976 9.107550262
9.107567862 9.122274198
9.122295989 9.158323194
9.158332693 9.176054777
9.176072656 9.194224684
9.194437841 9.209245029
9.209259276 9.22789712
9.227915838 9.249287269
9.249346494 9.265496312
9.265515588 9.282131946
9.282152061 9.299882805
9.299943986 9.316318135
9.316336014 9.334777464
9.334793947 9.365279386
9.365290002 9.398878349
9.39888645 9.421116091
9.421126986 9.435133235
9.435143292 9.454919549
9.454931283 9.479419031
9.479448644 9.495895707
9.495925878 9.512369868
9.512384954 9.530065411
9.530095024 9.547852031
9.547862926 9.564118345
9.564127843 9.58026844
9.580276821 9.617496916
9.617505018 9.634336485
9.634434822 9.651559345
9.651567726 9.670828834
9.670838612 9.696912874
9.696934385 9.715181398
9.71519397 9.73202935
9.73203829 9.748739014
9.748750189 9.76805823
9.768066611 9.784997814
9.785007033 9.800887262
9.800901231 9.828793323
9.828809247 9.852800285
9.852809225 9.868534966
9.868543347 9.885335705
9.885344924 9.901643086
9.901663759 9.922859747
9.922876509 9.935916156
9.935931242 9.951976298
9.951984679 9.968589861
9.96859936 9.988099883
9.988109381 10.003101791
10.00311073 10.018725005
10.018739812 10.0534188
10.053426343 10.087125597
10.087134258 10.101334666
10.101345282 10.122344319
10.122351861 10.139237528
10.139265464 10.160057772
10.160069506 10.177494345
10.177504123 10.193460899
10.193469839 10.214792662
10.214805792 10.237859838
10.237874085 10.259431296
10.259459232 10.297370754
10.297388633 10.321646187
10.321663507 10.345798696
10.345825795 10.36379009
10.36380769 10.383427223
10.383443147 10.40141191
10.40142951 10.419342402
10.4193519 10.436268017
10.436279192 10.452745808
10.452756703 10.475675819
10.475683641 10.493525574
10.493538145 10.51068753
10.510708482 10.535422239
10.535433693 10.568511919
10.5685203 10.587695084
10.587762411 10.606694984
10.60670979 10.619693564
10.619707532 10.635498366
10.635507026 10.655320997
10.655346419 10.670129024
10.670220935 10.688887274
10.688901521 10.705452508
10.705469549 10.723368192
10.723385234 10.740599992
10.740615357 10.756491956
10.756501455 10.803266895
10.803278349 10.82084762
10.820854604 10.84027914
10.840288639 10.855595613
10.855605391 10.877402853
10.877424084 10.89612283
10.896134563 10.912413169
10.912423226 10.931064981
10.931071965 10.948453782
10.948465236 10.966557481
10.96657117 10.984574575
10.984589102 11.028413387
11.028431546 11.048135446
11.048146061 11.062600134
11.062609073 11.081524048
11.081538295 11.096975173
11.096984113 11.112892
11.112909041 11.121998744
11.122015227 11.139735916
11.139743179 11.154538914
11.154549809 11.170818636
11.170832884 11.190604671
11.190615846 11.214549613
11.21457308 11.251725009
11.251732273 11.268978598
11.269005696 11.289547134
11.289568925 11.305170349
11.30518739 11.321900407
11.321936166 11.336938633
11.336955674 11.354180208
11.354198088 11.370199284
11.370219678 11.389066766
11.389083528 11.402897294
11.402910983 11.417833271
11.417845563 11.431291127
11.431299229 11.461968209
11.461978825 11.480516657
11.480526714 11.497550666
11.497567428 11.512890882
11.512907085 11.529133171
11.52919491 11.544452157
11.544466126 11.563477759
11.563495359 11.5860946
11.58610801 11.601862526
11.601876495 11.619536559
11.619561143 11.638586747
11.638595966 11.654798305
11.654819816 11.695046995
11.69505789 11.716803672
11.71682183 11.735380891
11.735389831 11.752603193
11.752617999 11.768622548
11.76863037 11.786194892
11.786210257 11.801478399
11.801486501 11.821045133
11.821066085 11.840209299
11.840234722 11.854841327
11.854849708 11.872285722
11.872310306 11.889671172
11.889683464 11.923133526
11.923141627 11.942525377
11.942551917 11.959583968
11.959606317 11.975686295
11.975705012 11.995244087
11.995270068 12.011992026
12.012000966 12.030837438
12.030853083 12.045906391
12.045921756 12.061100502
12.061109162 12.078587642
12.078602727 12.097048366
12.097061217 12.12800733
12.128015431 12.154377998
12.154442811 12.169029303
12.169037963 12.188524519
12.18853262 12.201340393
12.201353243 12.219104661
12.219115556 12.235243585
12.235254759 12.252507791
12.252516171 12.269367473
12.26937753 12.285863146
12.285881025 12.300125015
12.300178095 12.316375683
12.316391886 12.347007511
12.347061149 12.367568222
12.367580235 12.388728455
12.388755553 12.407549004
12.407559341 12.424071493
12.424091887 12.445077796
12.445087853 12.460400133
12.460407676 12.47729865
12.477308707 12.506553207
12.5066264 12.524564713
12.524577563 12.540970429
12.540980207 12.557601873
12.55761221 12.605670272
12.605678653 12.63084526
12.630863698 12.646666825
12.646682748 12.661436857
12.661444959 12.680812224
12.68082731 12.696108303
12.696125065 12.718851138
12.71885896 12.735154885
12.735164942 12.753988844
12.754002812 12.775165837
12.775179805 12.791482715
12.791495007 12.819596904
12.819611431 12.847479776
12.847506036 12.866983932
12.866994548 12.883978549
12.883989724 12.9040297
12.904045065 12.919080217
12.91908804 12.936036842
12.936048296 12.956279637
12.956357021 12.97689399
12.976902371 12.992975364
12.992982907 13.009008126
13.00902405 13.026644726
13.026656739 13.064045568
13.064054787 13.086277165
13.086296721 13.105329029
13.105346629 13.121095836
13.121104776 13.135469731
13.135488169 13.152090558
13.152105923 13.171114764
13.171129011 13.191948138
13.191964061 13.209288889
13.209313193 13.226355583
13.22637458 13.242686429
13.242697045 13.262480008
13.262490344 13.311536242
13.3115463 13.32823557
13.328243392 13.349041288
13.349062799 13.369840019
13.369929137 13.387282181
13.387290283 13.408240153
13.408249093 13.420174909
13.420184407 13.437359774
13.43737067 13.453459587
13.453472158 13.469428656
13.46944458 13.485795818
13.485808948 13.506227745
13.506236685 13.544017743
13.544027242 13.560753949
13.560772667 13.577816174
13.57783545 13.596081623
13.596197 13.616973944
13.616999087 13.63545702
13.635471268 13.652812855
13.652822354 13.67325037
13.673260427 13.687093471
13.687103528 13.703980252
13.703996456 13.720186223
13.720198795 13.755233694
13.755298507 13.785418537
13.785428314 13.802229333
13.802239949 13.818720255
13.818729753 13.839782989
13.839806735 13.854938265
13.85494916 13.871893214
13.871904109 13.887024188
13.887033407 13.903507288
13.903515949 13.920108839
13.920118896 13.93743227
13.937442048 13.956932515
13.956958216 13.992583972
13.99259822 14.011498947
14.011523252 14.02845082
14.028477081 14.045029185
14.045046785 14.065011893
14.065071119 14.0798811
14.079905964 14.097104239
14.097119884 14.112906807
14.112964915 14.130344218
14.13036098 14.151491878
14.151509199 14.168794078
14.168818662 14.185393673
14.185419654 14.212107683
14.212123048 14.229545374
14.22956046 14.251937884
14.251962188 14.270265912
14.270277366 14.28562373
14.285634626 14.302430894
14.302445979 14.321285525
14.321300052 14.338296905
14.338308639 14.352675548
14.352687561 14.368850788
14.368863639 14.38466481
14.384675705 14.400684163
14.400696456 14.434539026
14.434554391 14.455793682
14.455814355 14.473106497
14.473123539 14.490088822
14.490142181 14.507797219
14.507807276 14.527344675
14.527365068 14.547088805
14.547103612 14.560848655
14.560865696 14.577102954
14.577128656 14.599992736
14.600000558 14.617653917
14.617664812 14.642041655
14.642050036 14.677723005
14.677731386 14.694037649
14.694064468 14.711305487
14.711315265 14.732708205
14.732716866 14.749926595
14.749955649 14.76612195
14.766138433 14.779750497
14.779773125 14.794070474
14.794083604 14.814952458
14.815015316 14.832865907
14.832875685 14.848471242
14.84849443 14.889163565
14.889176974 14.907351072
14.907360291 14.927885527
14.927901171 14.945200016
14.945214823 14.960972133
14.960992806 14.983685356
14.983724188 15.000680252
15.000698132 15.014157105
15.014171911 15.030529857
15.03053712 15.047428095
15.047446533 15.064267384
15.064276324 15.082823934
15.082837343 15.124963925
15.124978732 15.140646646
15.140655306 15.157358824
15.15737363 15.175586002
15.175597456 15.196525256
15.196551237 15.212941587
15.212954996 15.229830046
15.229838986 15.247494024
15.247502405 15.262629746
15.262643994 15.281039069
15.281048846 15.299781954
15.2998057 15.327955925
15.327963188 15.350525834
15.350541758 15.37359357
15.373604185 15.388668669
15.388682917 15.404232939
15.404246069 15.427222453
15.427229717 15.444743953
15.44475401 15.462225784
15.46224059 15.478917292
15.478926791 15.498757521
15.498776518 15.515240343
15.515256547 15.532807381
15.532822187 15.570573912
15.570585087 15.596734779
15.59675629 15.613282692
15.61329666 15.652668145
15.652677364 15.670461189
15.670470129 15.68910406
15.689120542 15.704167428
15.704183631 15.72148583
15.721506503 15.739299267
15.73931547 15.755386229
15.755409137 15.773662572
15.773676261 15.811543087
15.811560128 15.830906719
15.830916217 15.853260399
15.853268221 15.871181951
15.871198434 15.889672009
15.889687094 15.906122704
15.906139186 15.919238897
15.919292256 15.935659698
15.935678695 15.953727357
15.95374384 15.97193023
15.971946992 15.996127438
15.996136378 16.034161882
16.034170263 16.061368691
16.061389085 16.076742434
16.076760592 16.092862639
16.092896443 16.113169409
16.113189802 16.137376676
16.137384219 16.152913847
16.152926698 16.169341352
16.169351968 16.18597112
16.185978942 16.203167441
16.203186159 16.218281651
16.218297016 16.254793276
16.254801098 16.274836045
16.274854483 16.294066423
16.294081229 16.31126386
16.311273917 16.328226071
16.32823529 16.346691268
16.34670803 16.363345899
16.363368807 16.378941735
16.378954585 16.395141001
16.395156366 16.412482032
16.412494604 16.429861055
16.429875023 16.444179356
16.444186899 16.477234116
16.477248084 16.501805116
16.501823833 16.51940456
16.519421322 16.534896752
16.534915749 16.553190976
16.553255509 16.572098408
16.572114332 16.5865346
16.58654354 16.605481979
16.605502373 16.618784788
16.618798477 16.636406861
16.636417756 16.655621033
16.655631369 16.677664059
16.677672999 16.71270678
16.71273751 16.731042072
16.731056041 16.744595751
16.744606646 16.764133149
16.764158291 16.777765328
16.777774547 16.795346614
16.795356671 16.810759467
16.810770083 16.826531862
16.826541919 16.843426747
16.843443509 16.860196755
16.860212399 16.876841049
16.8768539 16.896040696
16.896057179 16.944675369
16.944694086 16.968498509
16.96852449 16.987675526
16.987683349 17.006085967
17.006095745 17.024544459
17.024569043 17.036256003
17.036275838 17.053219333
17.053276602 17.072221747
17.072236274 17.092348607
17.092361737 17.10892278
17.108938984 17.133547978
17.1335558 17.170139779
17.170150674 17.194452925
17.194462423 17.210853333
17.210863949 17.229403736
17.229413793 17.250467027
17.250480716 17.266115384
17.266124044 17.28328712
17.283297457 17.304356837
17.304366615 17.320412508
17.32042508 17.338280981
17.338291597 17.36312967
17.363158724 17.383020745
17.383028847 17.41980922
17.41981788 17.438738441
17.438748219 17.454368081
17.454382888 17.470919347
17.470935271 17.490652302
17.490668505 17.505828812
17.505857866 17.520558338
17.520574541 17.537556028
17.537566364 17.554831688
17.554849008 17.574207056
17.574217392 17.608750552
17.608800279 17.629898211
17.629922236 17.654167497
17.654183142 17.67492209
17.674935779 17.70171544
17.701726335 17.719567708
17.719622463 17.736532714
17.736541933 17.75464647
17.754658203 17.769838902
17.76985706 17.786158853
17.786175615 17.803371936
17.803382831 17.820721626
17.820736153 17.843823724
17.843839648 17.8819227
17.881941697 17.899897331
17.899914931 17.919391151
17.919402884 17.936240218
17.936251114 17.954080195
17.954096678 17.975851958
17.975861456 17.991164238
17.991174854 18.009531936
18.009540037 18.027856332
18.027866948 18.047794899
18.047806912 18.064002825
18.064017911 18.080331717
18.08034764 18.120627619
18.1206536 18.138198289
18.138212257 18.156552577
18.156567663 18.176247538
18.176258154 18.196318246
18.196333611 18.211795632
18.21181379 18.232421158
18.232439037 18.24732864
18.247342888 18.26457692
18.264592285 18.288913254
18.288930295 18.305874069
18.305881892 18.345844512
18.345869375 18.360930508
18.360954534 18.377990496
18.378009772 18.393820721
18.393831896 18.410821207
18.410845512 18.428593017
18.428608103 18.446986975
18.447008766 18.465504693
18.465521734 18.484318535
18.484335018 18.499806538
18.499817433 18.51619689
18.516208064 18.538882174
18.538901729 18.585090841
18.585108721 18.604625166
18.604635224 18.6250895
18.625097881 18.641266137
18.641295191 18.659242164
18.65925725 18.677737532
18.677758205 18.695844583
18.695895986 18.715018527
18.715033892 18.732924435
18.732934212 18.752783661
18.75280154 18.767586102
18.767603981 18.801753853
18.801763072 18.823511925
18.823523379 18.839597769
18.839615369 18.856783192
18.856807497 18.872957315
18.872973239 18.893682017
18.893732023 18.911807504
18.911818679 18.927758136
18.927767355 18.943571038
18.943613781 18.965190267
18.965214013 18.982630472
18.98264025 19.003206272
19.003257396 19.044150302
19.044165947 19.066120971
19.066146394 19.078161887
19.078170547 19.095976722
19.095985382 19.112980278
19.112991453 19.129785767
19.129793868 19.149871281
19.149923522 19.165834203
19.165863257 19.185963856
19.185980618 19.205559644
19.205576126 19.223347099
19.226106667 19.247604652
19.247625325 19.273687296
19.273697074 19.291333952
19.291359374 19.308835898
19.308853218 19.322829856
19.322842148 19.339646237
19.339659926 19.353732665
19.353743001 19.372908846
19.372925328 19.390097063
19.390113825 19.409421027
19.409447847 19.422564878
19.422588344 19.438629768
19.438648486 19.456038963
19.456063827 19.479443056
19.479469596 19.501558436
19.501576036 19.515145917
19.515169384 19.53091105
19.530937031 19.550704068
19.550757148 19.564260259
19.564285681 19.579184224
19.579276414 19.600541129
19.600554818 19.612461917
19.612488177 19.629655164
19.629685614 19.648052196
19.648070913 19.666135219
19.666163993 19.686438359
19.686465457 19.704761078
19.704775325 19.721072369
19.721091087 19.736869907
19.736896168 19.755114684
19.755126697 19.770833442
19.770840985 19.787544506
19.787572442 19.802915452
19.802926068 19.819982147
19.820000585 19.836963355
19.836973691 19.854751929
19.854819814 19.873340325
19.873353176 19.897327171
19.897356784 19.915947975
19.91596306 19.93406173
19.934081006 19.953630137
19.953652766 19.971151918
19.971171474 19.989742829
19.989760149 20.007704609
20.007724165 20.028387405
20.028413944 20.048677694
20.048691103 20.063226189
20.063242951 20.081277925
20.081305862 20.10215544
20.102172202 20.119824165
20.119840927 20.136628815
20.136648091 20.154944272
20.154956006 20.173279004
20.173304985 20.191138258
20.191167032 20.213303644
20.213317892 20.228507252
20.228563684 20.249930366
20.249940982 20.268329353
20.268337175 20.292975502
20.292998131 20.310341396
20.310442526 20.337213248
20.337227495 20.355559713
20.355589326 20.374027144
20.374041392 20.389435807
20.389451451 20.404625446
20.404635223 20.42625529
20.426262554 20.444187738
20.444209249 20.461103294
20.461116145 20.478185075
20.478195411 20.503071477
20.503082372 20.51947915
20.519503454 20.53380611
20.533820917 20.558003319
20.558031256 20.574781708
20.574797074 20.591538867
20.591555629 20.612634565
20.612646299 20.63138136
20.631399239 20.650791091
20.650807852 20.66991028
20.669954979 20.696114169
20.696128696 20.713635111
20.713686514 20.731681259
20.731691037 20.76265866
20.762671511 20.788797736
20.788806675 20.807433065
20.807450107 20.824275989
20.824290795 20.840835635
20.840844295 20.857552843
20.857562341 20.878980148
20.878998586 20.894117547
20.894175096 20.912819085
20.912837243 20.931811164
20.931821501 20.950712729
20.950721668 20.968288146
20.96831692 21.015634387
21.015645561 21.04274817
21.042757668 21.061936919
21.061945021 21.079365392
21.079380478 21.100071097
21.100081154 21.117461294
21.117471351 21.131390999
21.131407202 21.147538862
21.147549757 21.165183841
21.165196691 21.185269913
21.185284719 21.201140925
21.201157408 21.240651812
21.240659355 21.258957213
21.25896727 21.274741341
21.274758382 21.292900632
21.292914041 21.312973294
21.312986983 21.330621628
21.330649285 21.348500156
21.348509654 21.3696196
21.369642508 21.387916899
21.387934499 21.405434208
21.405449293 21.424945626
21.424955125 21.442133007
21.44214027 21.478680109
21.478689887 21.494964861
21.494976036 21.513476152
21.513496266 21.53459392
21.534604535 21.554151713
21.554160653 21.579335918
21.579344858 21.595368683
21.595396899 21.612141206
21.612164114 21.634934325
21.634942427 21.652077008
21.652152995 21.678701062
21.678711399 21.695015425
21.695023806 21.711975123
21.711985181 21.732025159
21.732041641 21.747043266
21.747056117 21.761782012
21.761792069 21.778461507
21.778475755 21.795069483
21.795080937 21.811708469
21.811718526 21.830959241
21.830975444 21.845860854
21.845878454 21.868833048
21.868890597 21.888260377
21.888269596 21.910493651
21.910503708 21.928266858
21.928282782 21.945339699
21.945350315 21.966189275
21.966214138 21.995925459
21.995938868 22.013188825
22.013201117 22.029323837
22.029341157 22.052531814
22.052550531 22.068602013
22.068612629 22.085568415
22.085587132 22.112854006
22.112872165 22.13237548
22.132385817 22.153677909
22.153692715 22.17924764
22.179255183 22.194838727
22.194847946 22.211888939
22.211897879 22.227361297
22.227371075 22.243472841
22.243487926 22.261851993
22.261861212 22.2863674
22.286391704 22.30760669
22.307618702 22.324821169
22.324837652 22.34001947
22.340030365 22.35666041
22.356669909 22.370587042
22.370597099 22.388362765
22.388376453 22.406860368
22.406870704 22.419867327
22.419876546 22.436324167
22.436342605 22.454601072
22.454612526 22.470371512
22.470454205 22.492875209
22.492934434 22.514950642
22.514959302 22.532676357
22.532693678 22.576089697
22.576109532 22.597633495
22.597650257 22.612641269
22.612652164 22.628603913
22.628620395 22.64909199
22.649122441 22.671269112
22.671285873 22.689730956
22.6897466 22.705135426
22.705153026 22.724770604
22.724780662 22.748596257
22.748620562 22.764422851
22.764437936 22.782801164
22.782812339 22.799627324
22.799636823 22.817108317
22.817119492 22.831561273
22.831571888 22.848623776
22.848632436 22.864119879
22.864136082 22.879252529
22.879264262 22.892784974
22.892799781 22.908899033
22.908917751 22.928490909
22.928505995 22.945248347
22.945274607 22.959210455
22.95922582 22.973486572
22.973494115 22.990085609
22.99009427 23.007088887
23.007098106 23.023549639
23.02355802 23.044818264
23.044866314 23.06554492
23.065564755 23.085710054
23.0857338 23.100929026
23.100954168 23.116420939
23.116438819 23.132219317
23.132226859 23.14774615
23.147763191 23.164628463
23.164643548 23.183821964
23.183837329 23.198176303
23.198185801 23.213425725
23.213436062 23.230329271
23.230340166 23.246723255
23.246736385 23.265539611
23.265551345 23.281557291
23.281573215 23.308445623
23.308462944 23.324078896
23.324139239 23.347151101
23.347166187 23.371056096
23.371065315 23.390690156
23.390698817 23.407658232
23.407667172 23.423144559
23.423219429 23.438751013
23.438766937 23.455288868
23.455304233 23.472494128
23.472508655 23.49046401
23.490482169 23.508678055
23.508695655 23.524328648
23.52434541 23.539319102
23.53933754 23.555192627
23.555209668 23.573278724
23.573295206 23.590095667
23.59010712 23.60614184
23.606152177 23.62364993
23.623660825 23.639567597
23.639578213 23.668388857
23.668401987 23.68977314
23.689788225 23.707067237
23.707084278 23.724585944
23.724603544 23.739542872
23.739588688 23.756166215
23.756227954 23.778729416
23.778744502 23.795269787
23.795280403 23.812283961
23.812296533 23.828794719
23.828809804 23.854804728
23.854813109 23.871127195
23.871143398 23.890220402
23.890229621 23.904645699
23.904655477 23.921439175
23.92145007 23.937782873
23.937797958 23.954265133
23.954274632 23.973672908
23.973686318 23.990395146
23.99043761 24.007067935
24.007079109 24.023647138
24.023658033 24.040319088
24.040328307 24.055203382
24.055216512 24.075800134
24.075808236 24.10208448
24.102098727 24.119223809
24.119248114 24.129900865
24.129915392 24.145065083
24.145077375 24.161859396
24.161874482 24.178332159
24.17834501 24.19549328
24.195516188 24.210846906
24.210870094 24.227250947
24.227305423 24.244271826
24.244281883 24.261185148
24.261194087 24.278632339
24.278654129 24.295394525
24.295411845 24.312113408
24.312125141 24.326804662
24.326829525 24.342035927
24.342049615 24.36228403
24.36229744 24.378738916
24.378749252 24.395682969
24.395691071 24.411881954
24.411892291 24.426393575
24.426438274 24.44372399
24.443779863 24.461762875
24.461777681 24.478839069
24.47884717 24.492968517
24.49298025 24.510645625
24.510657637 24.526238109
24.526245373 24.545777184
24.545794504 24.573590496
24.57361033 24.590811679
24.590874816 24.607937041
24.607953523 24.624775772
24.624791975 24.641008841
24.641033705 24.65900191
24.65901476 24.675628604
24.675638103 24.692387718
24.692395261 24.707795541
24.707807274 24.725792522
24.725801182 24.745367076
24.745381603 24.764780438
24.764790774 24.781746281
24.781760528 24.798766321
24.798789509 24.815450845
24.815465092 24.837639697
24.837658694 24.856735421
24.856746316 24.876202139
24.876213873 24.89257992
24.892589698 24.90796791
24.90798579 24.926058197
24.926077194 24.945326568
24.945337743 24.977457747
24.977513061 24.995462549
24.99547093 25.014240075
25.014249015 25.030513932
25.030531532 25.049280841
25.049337273 25.066208971
25.06622238 25.083469266
25.083483793 25.101419031
25.101430485 25.119361257
25.11938221 25.136237146
25.136249996 25.155515292
25.155528143 25.177487639
25.177506077 25.193610359
25.193629915 25.210499376
25.210519211 25.228183188
25.228199391 25.248094379
25.248110023 25.265838252
25.265849427 25.28275409
25.28276303 25.306393408
25.30644593 25.324088114
25.324105434 25.343247813
25.343257311 25.360852006
25.36086793 25.378990623
25.379007106 25.389423234
25.389439717 25.406206094
25.406216151 25.423563886
25.423577016 25.439587711
25.439603914 25.492802295
25.492955946 25.517903808
25.517928113 25.537602402
25.537621399 25.557682329
25.557693224 25.573143511
25.573154406 25.591609546
25.591623235 25.609710449
25.609722461 25.628016686
25.628030375 25.64977001
25.649784817 25.666660145
25.666678304 25.68407856
25.684085824 25.701822436
25.701841433 25.724459111
25.724470006 25.738955367
25.738965424 25.756802608
25.756818252 25.771002737
25.771012794 25.788442103
25.788451602 25.823146236
25.823157132 25.837923811
25.837936661 25.856485947
25.85649349 25.872508655
25.872516197 25.887090675
25.887099056 25.906027719
25.906045598 25.969219828
25.96927626 25.987199209
25.98721653 26.007327743
26.007341712 26.026709258
26.026760382 26.047177223
26.047185604 26.062792055
26.062804068 26.080741265
26.080752439 26.095316861
26.095326359 26.113849103
26.113863071 26.133844941
26.133861703 26.148808576
26.148818074 26.176525227
26.176548973 26.200834181
26.20084368 26.219402743
26.219410845 26.237689703
26.237697526 26.255542532
26.255555662 26.27102383
26.271033887 26.290502002
26.290510941 26.313235059
26.313251821 26.334200014
26.334213423 26.352937311
26.352947369 26.37316642
26.373175639 26.388948873
26.388960048 26.405447895
26.405466054 26.421056025
26.421069714 26.439690517
26.439700015 26.457370976
26.457380475 26.473897098
26.473916933 26.49204745
26.492059463 26.509036482
26.509054361 26.525296089
26.525312571 26.543063153
26.543072931 26.561576678
26.561593998 26.580018408
26.580030141 26.600850663
26.600863514 26.617814272
26.617825726 26.632091786
26.632106592 26.646933896
26.646950658 26.663385147
26.663394925 26.682262128
26.682288947 26.702902183
26.702917827 26.724262996
26.724278641 26.742242656
26.742252714 26.759123574
26.759147041 26.780099981
26.780114508 26.797052416
26.797076162 26.817861206
26.817877968 26.831516851
26.831533334 26.847055978
26.847072181 26.863930749
26.863954495 26.882838178
26.882851588 26.902489839
26.902497661 26.924278642
26.924324738 26.94270752
26.942715901 26.956518772
26.956529388 26.972694292
26.97271748 26.993989456
26.994015716 27.014972012
27.014990729 27.034968968
27.034987126 27.057341083
27.057350022 27.080244274
27.080318027 27.098576493
27.098601356 27.116421218
27.116430437 27.134753438
27.134768244 27.149908435
27.149921285 27.166951663
27.166963955 27.183552656
27.183567741 27.197799997
27.197809774 27.216262959
27.216277486 27.232362769
27.232421715 27.248836651
27.248890289 27.268156985
27.268174305 27.288004757
27.288013697 27.312282425
27.312291644 27.335684002
27.335701602 27.356979724
27.356998721 27.374811879
27.374837581 27.39064853
27.390661101 27.406013611
27.406023389 27.421719796
27.421730132 27.441724294
27.441734352 27.45987325
27.459918228 27.486593963
27.486621341 27.506112925
27.506135274 27.529304419
27.529322298 27.550732842
27.550747369 27.577696325
27.57778181 27.596731984
27.596753215 27.61480104
27.614829256 27.633600357
27.633615164 27.652205515
27.652214454 27.674149645
27.674169201 27.69145771
27.69147978 27.708452608
27.708460989 27.726099544
27.726116585 27.744980713
27.74499943 27.762972945
27.762984958 27.781982903
27.781992681 27.797461405
27.797472301 27.81332683
27.813334653 27.832806402
27.832819532 27.851029947
27.851038607 27.867946902
27.867955283 27.883823778
27.883835791 27.901290803
27.901298626 27.917652939
27.91766132 27.938763163
27.938772103 27.954581097
27.954590595 27.976263739
27.976271003 27.99141427
27.991426841 28.006800303
28.006809801 28.018245332
28.018258182 28.037502808
28.037512027 28.054327572
28.054335674 28.072230405
28.07223711 28.08839503
28.088401735 28.104699896
28.104710512 28.121736977
28.121748711 28.140061094
28.140082884 28.155874557
28.155889642 28.17225988
28.172274128 28.188571449
28.188584579 28.204386309
28.204408099 28.23147383
28.231487239 28.254800816
28.254813388 28.280731208
28.280742103 28.293328618
28.293336161 28.31000504
28.310065941 28.3315399
28.3315575 28.346320549
28.346335634 28.362340183
28.362349402 28.381185594
28.38119621 28.396999895
28.397010511 28.412193447
28.412204622 28.427983162
28.427994896 28.443453845
28.443467813 28.461907306
28.461919598 28.480307969
28.4803211 28.495742613
28.495753509 28.515278894
28.515296215 28.532546173
28.532555951 28.555746607
28.555760296 28.58006143
28.580074839 28.597707247
28.597716746 28.620506234
28.620520482 28.634818669
28.634829843 28.651007877
28.65101989 28.670263396
28.670275688 28.687932681
28.68794218 28.705603922
28.705616214 28.720866754
28.720917319 28.738149678
28.738159735 28.755116919
28.75512558 28.769860132
28.769868513 28.787228541
28.787240554 28.802720176
28.802732468 28.819915936
28.819930743 28.843143748
28.843154644 28.861488538
28.861499713 28.878117467
28.878130597 28.892195513
28.892206687 28.906375528
28.906460176 28.923768801
28.923779696 28.944060763
28.944072776 28.965686139
28.965696475 28.981668897
28.981678395 28.997140973
28.997150751 29.018580292
29.018593142 29.034087849
29.034098186 29.050334885
29.050346898 29.064311243
29.064324932 29.083102738
29.083125366 29.104965572
29.104973953 29.12083826
29.120846082 29.13876484
29.138811774 29.157518899
29.157528397 29.17373772
29.173826838 29.192051222
29.192059324 29.206699171
29.206706155 29.22246179
29.222483022 29.239912612
29.239922111 29.260240613
29.260253464 29.274995841
29.275007295 29.290146091
29.290160339 29.307623731
29.307639655 29.324838209
29.324854692 29.340850301
29.340857843 29.357763903
29.357772843 29.381828972
29.381837353 29.40206227
29.402073724 29.423782628
29.42379045 29.441617576
29.441625399 29.455684169
29.455698696 29.472968769
29.472980782 29.491230865
29.491241481 29.506030512
29.50604448 29.523217334
29.523226553 29.539309601
29.539321334 29.557935154
29.557944373 29.577156591
29.577164134 29.591159209
29.591166751 29.606584913
29.606599719 29.62245704
29.622469612 29.64034451
29.640355964 29.655850672
29.655864081 29.673471625
29.673478888 29.695042524
29.695054258 29.713908887
29.713921179 29.734127938
29.734138833 29.752061501
29.752106758 29.76379372
29.763804615 29.780511487
29.780525456 29.797080351
29.797091246 29.813597814
29.813609548 29.830794135
29.830802795 29.848374859
29.848381843 29.866253389
29.866276297 29.881299715
29.881309214 29.899001406
29.899015095 29.915476125
29.915484786 29.933892433
29.933901093 29.948195369
29.948206264 29.964645224
29.964653884 29.988841317
29.988849698 30.011101407
30.011112861 30.032462782
