0.011701767 0.025001223
0.025027763 0.041636577
0.041646634 0.057954573
0.057962954 0.072940555
0.072954523 0.087339872
0.08735384 0.127379877
0.127394124 0.157307144
0.157321391 0.171387983
0.171401393 0.188063567
0.188082285 0.202511494
0.202528535 0.218548725
0.218563252 0.23659236
0.236602976 0.253419081
0.253426344 0.270082371
0.270096898 0.287580963
0.287587947 0.298845244
0.298864241 0.321176575
0.321190543 0.36280533
0.362825723 0.386002131
0.386029229 0.403059328
0.403072458 0.419133159
0.419147686 0.435933338
0.435946747 0.456965621
0.456981824 0.476170575
0.476185102 0.488149752
0.488158412 0.503245804
0.503254464 0.520325069
0.520339876 0.536964895
0.536972437 0.55353292
0.553540463 0.596288915
0.596304001 0.612071646
0.612080306 0.628547204
0.62856229 0.648757593
0.648766253 0.667240669
0.667249609 0.683943072
0.683950615 0.699992317
0.699999301 0.712163138
0.712170401 0.729036232
0.729051877 0.745252819
0.745267346 0.763428591
0.763443956 0.778274054
0.778295565 0.820208433
0.820226033 0.839067257
0.839113911 0.857127373
0.857134915 0.876577611
0.876591858 0.892630208
0.892640265 0.90921416
0.909225055 0.932809059
0.932827777 0.952719689
0.952734216 0.970688175
0.97069516 0.987243351
0.987250894 1.004590249
1.004597233 1.020279393
1.020287774 1.057756503
1.057764046 1.079165927
1.079183527 1.106198693
1.106211265 1.121202555
1.121213171 1.13921099
1.139232221 1.159169392
1.159185595 1.185354564
1.185370767 1.201755251
1.201763073 1.217172573
1.21718263 1.235757617
1.23576544 1.250951728
1.250960388 1.276385965
1.276394905 1.296949473
1.296956736 1.309545767
1.309563925 1.325940588
1.32595288 1.3419429
1.341950163 1.358592224
1.358600046 1.375737141
1.375751388 1.393512304
1.393530183 1.41198644
1.412001247 1.425135597
1.425146213 1.446976641
1.446992845 1.473279424
1.47329451 1.49213657
1.492143834 1.535457719
1.535468334 1.550561873
1.550587854 1.569305038
1.569314536 1.585000049
1.585009268 1.603303773
1.603320534 1.620460701
1.620474669 1.638989592
1.639011662 1.65055475
1.650564807 1.66628971
1.666298929 1.685272289
1.685292124 1.701158946
1.70117459 1.717959406
1.71797086 1.752258736
1.752273822 1.772797381
1.772807438 1.787025167
1.787039694 1.808335137
1.808343239 1.825245108
1.825254886 1.842542
1.842555689 1.858537328
1.858547385 1.874092098
1.874100758 1.894600572
1.89461901 1.910348661
1.910362908 1.9258118
1.925819901 1.939877555
1.93988845 1.982337141
1.982344684 1.998571606
1.998579149 2.018309589
2.018327748 2.034324754
2.03433509 2.050885518
2.050896413 2.067224744
2.067232567 2.08376791
2.083784672 2.099775251
2.099808495 2.115376675
2.115388129 2.13181005
2.131821503 2.148595422
2.148606038 2.166621178
2.166630117 2.205740674
2.205769728 2.22457519
2.224590276 2.243986317
2.244001961 2.261437418
2.261453621 2.275765775
2.275778067 2.292539695
2.292550031 2.309629017
2.309641029 2.325900918
2.325911813 2.341016806
2.341024069 2.358770179
2.358780795 2.373971832
2.373991387 2.390785421
2.390799669 2.408754743
2.408766197 2.444093034
2.444115663 2.460542052
2.460550712 2.484471351
2.484487275 2.500155187
2.500182006 2.51809797
2.518121716 2.535829554
2.535845478 2.554364592
2.554379119 2.567411779
2.567419042 2.584970995
2.584995858 2.603757462
2.603770592 2.622239138
2.62224724 2.642503168
2.642512945 2.688808493
2.68882749 2.706312115
2.70632776 2.72117881
2.721188308 2.737158493
2.737167153 2.751534902
2.751542165 2.767167057
2.767185495 2.783418563
2.783433648 2.805481702
2.80549595 2.817237107
2.817250517 2.84146309
2.841470075 2.862543424
2.862556554 2.892184064
2.892201943 2.920828206
2.920836028 2.936922989
2.936937516 2.953026432
2.953035651 2.975644112
2.975652213 2.993150805
2.993165332 3.009347556
3.009370743 3.025243152
3.025251813 3.048210597
3.048219258 3.068929989
3.068938929 3.086512113
3.086529155 3.10273708
3.102744623 3.150362406
3.150394812 3.17437747
3.174391438 3.190729548
3.190741561 3.206442439
3.206453054 3.220765768
3.220787279 3.236189237
3.236224717 3.252821517
3.252875993 3.269391222
3.269403235 3.285992772
3.286003109 3.301765447
3.30178193 3.316350821
3.316361158 3.334957936
3.334965479 3.379211604
3.379230601 3.397691047
3.397707251 3.416362136
3.416370796 3.435741413
3.43575175 3.454011614
3.454027537 3.481473483
3.481483261 3.499962706
3.499972204 3.520815914
3.520825412 3.538941403
3.538950063 3.558881924
3.558898406 3.571391336
3.571399717 3.598747607
3.598807112 3.628974352
3.628993349 3.656625633
3.656643513 3.669838763
3.669854687 3.688159249
3.688174614 3.709908383
3.709928497 3.727827419
3.727841946 3.742511689
3.742526774 3.757946611
3.757957786 3.77529211
3.775306079 3.795257777
3.795274539 3.812692675
3.812704129 3.847304615
3.847330596 3.866536669
3.866591704 3.884062081
3.884070461 3.903072597
3.903094666 3.919378301
3.91938752 3.934864628
3.93488111 3.950930076
3.950946 3.967728301
3.967744225 3.984234869
3.984289066 3.999522285
3.999532062 4.017502783
4.017511723 4.032423116
4.032430379 4.067917012
4.067933494 4.087077269
4.08708565 4.108196711
4.108212635 4.127138505
4.127154708 4.146949682
4.146958063 4.16672482
4.166746332 4.184275655
4.184284874 4.202543341
4.202550884 4.219746084
4.219754465 4.242707663
4.242723866 4.266524376
4.266531639 4.283092125
4.283106652 4.314522935
4.314541373 4.329491318
4.32949942 4.345593086
4.345610686 4.362100489
4.362123677 4.375897775
4.375909229 4.392577828
4.392587326 4.408842464
4.408850286 4.425466365
4.425483406 4.442442825
4.442452882 4.459623499
4.459631601 4.480387033
4.480396532 4.496838284
4.496851135 4.526823381
4.526838747 4.54443819
4.544462494 4.563236669
4.563254549 4.578695895
4.578709305 4.59678786
4.596804622 4.617428471
4.617457246 4.640056209
4.640072971 4.655397822
4.655412349 4.670929964
4.670955665 4.688186068
4.68819417 4.704842376
4.704853271 4.722210225
4.722217767 4.738893631
4.738904247 4.77256467
4.772575006 4.796852952
4.796867479 4.812832915
4.812844369 4.826351393
4.826363685 4.841252171
4.841259713 4.858676731
4.858687067 4.875384162
4.875394219 4.892838894
4.892846996 4.912873563
4.912896471 4.934144702
4.934217058 4.947058634
4.947070088 4.964935767
4.964950852 4.995244368
4.995260012 5.014276396
5.014284497 5.029857983
5.029869437 5.046974965
5.046982507 5.061930776
5.061941671 5.078393203
5.078438739 5.093049255
5.093057078 5.109580128
5.109590744 5.125900918
5.125917959 5.143089135
5.143101147 5.159446801
5.159467195 5.183229712
5.183239211 5.201927339
5.201945498 5.244668246
5.24469758 5.25956567
5.259582432 5.276429267
5.27644547 5.292471809
5.29248885 5.309718693
5.309732382 5.330441719
5.330454011 5.348115751
5.348123853 5.365202561
5.365227703 5.386125331
5.38613455 5.402174857
5.402182121 5.418950733
5.418959952 5.442172119
5.442182176 5.488961026
5.488968569 5.508940941
5.508956586 5.526070211
5.526078313 5.54277457
5.542782113 5.559769468
5.559778966 5.585286676
5.585295895 5.601211326
5.601218869 5.617967926
5.617981615 5.635983623
5.635999267 5.651739815
5.65175993 5.668206434
5.66821705 5.697360417
5.697367681 5.716428485
5.716442732 5.740849465
5.740876005 5.766370307
5.766381202 5.785058156
5.785067655 5.802727442
5.802736941 5.81759218
5.817599722 5.836404906
5.836414125 5.854507766
5.854524528 5.870889736
5.870897279 5.887585993
5.887595212 5.903504495
5.903516507 5.938724894
5.938731878 5.958402813
5.958439969 5.975931578
5.975940239 5.991802589
5.99181069 6.008858668
6.008869004 6.032610289
6.032619787 6.051079397
6.051086381 6.067703577
6.067712237 6.091242881
6.091255452 6.111779291
6.111788231 6.129482098
6.129491597 6.145125707
6.145141631 6.191958475
6.191971326 6.209215137
6.209225753 6.227564955
6.227582555 6.245926507
6.245934329 6.260204858
6.260215474 6.275648161
6.275660174 6.292783301
6.292793637 6.309970121
6.309988001 6.328431128
6.328440906 6.344817007
6.344826506 6.367759869
6.36776825 6.39533153
6.395350807 6.420105627
6.420113449 6.437785528
6.437796423 6.451452629
6.451470509 6.469242599
6.469251538 6.485691896
6.485702512 6.503991428
6.504015733 6.520340993
6.520351888 6.535879561
6.535897999 6.552884514
6.552910494 6.568021634
6.568029177 6.584193522
6.584215312 6.609519086
6.609529981 6.638147865
6.63815904 6.651486431
6.651502354 6.662452909
6.662462687 6.678741852
6.67876895 6.696995847
6.697004786 6.713793512
6.713801335 6.730367128
6.730375229 6.748432271
6.748442608 6.77385338
6.773869024 6.784086245
6.784102168 6.800739479
6.800747581 6.817968206
6.817975469 6.86020849
6.860219385 6.876082854
6.876094867 6.895805192
6.895816367 6.911740458
6.911749957 6.929650277
6.929668994 6.948641517
6.948649618 6.961140312
6.96116769 6.980860415
6.980885558 6.993893916
6.993901179 7.010635151
7.010659735 7.027920867
7.027971432 7.047255726
7.047268576 7.063416998
7.063430687 7.103725752
7.103743631 7.121036612
7.121052815 7.136990595
7.137005402 7.154479968
7.15449673 7.174219907
7.174228568 7.186318931
7.1863329 7.20335238
7.203363834 7.220343367
7.220353703 7.236593198
7.236602138 7.255560134
7.255572985 7.274767324
7.274776822 7.292382412
7.292390234 7.319176878
7.319195037 7.338244385
7.338259471 7.355346279
7.355356895 7.372477507
7.372491196 7.386664227
7.386679871 7.40314649
7.403162414 7.419905322
7.419914541 7.437305858
7.437313121 7.452362521
7.452373137 7.471429189
7.471454332 7.493951326
7.493968088 7.514754528
7.51478023 7.549376526
7.549386863 7.570511615
7.570521393 7.587263744
7.58727436 7.604979123
7.604997562 7.619648028
7.61967373 7.636717515
7.636726734 7.655921074
7.655931131 7.669936542
7.669953863 7.684583095
7.684593431 7.702700203
7.702716965 7.7201798
7.720201031 7.739402911
7.73941213 7.755553568
7.755560832 7.798248379
7.798258716 7.818176052
7.818189462 7.83488963
7.834902481 7.851575827
7.851593148 7.870522371
7.870535221 7.885551376
7.885564226 7.901557878
7.901597828 7.919823608
7.919841767 7.935770049
7.935780665 7.953369492
7.95337899 7.97245823
7.972468846 7.991658437
7.991673523 8.023138136
8.023145679 8.043066647
8.043092349 8.062818039
8.062839271 8.076886029
8.076944416 8.094498043
8.094517319 8.113087557
8.113102642 8.13160248
8.131612258 8.151448856
8.151457796 8.17114745
8.17115639 8.18497742
8.185003681 8.205142552
8.205158476 8.222135215
8.222153373 8.253424665
8.253435561 8.273558231
8.273571361 8.292958463
8.292970196 8.307471479
8.307481815 8.328336422
8.328347876 8.347031257
8.347039079 8.360056654
8.360065315 8.378641139
8.378650917 8.392793497
8.392804951 8.40953082
8.409555963 8.426366478
8.426375976 8.442622456
8.442634748 8.456805264
8.456815321 8.498457764
8.498466145 8.513931239
8.51394828 8.53157622
8.531590747 8.546506049
8.546520297 8.566935741
8.566946636 8.588031999
8.588047364 8.609837282
8.609850692 8.624730796
8.624741412 8.641705859
8.64171424 8.65731287
8.657331866 8.673924478
8.673942637 8.711898299
8.71191534 8.73833043
8.738340487 8.753415586
8.753425085 8.773130942
8.773140161 8.788975134
8.788982957 8.804838603
8.804850336 8.821281196
8.821292929 8.834904994
8.834917845 8.85195381
8.85196247 8.86815531
8.868173469 8.885211108
8.885225076 8.910371848
8.910457614 8.942485426
8.942549121 8.959362712
8.959381988 8.976290283
8.976306206 8.993715122
8.993726017 9.010347404
9.010354667 9.026785526
9.026793348 9.044228246
9.044239141 9.060540935
9.060549316 9.078197926
9.07821357 9.093374995
9.093386449 9.110154223
9.110164001 9.143850684
9.143865211 9.158683297
9.158692795 9.17648919
9.17650679 9.194514387
9.194523606 9.211794794
9.211810718 9.227909692
9.227922263 9.248757872
9.248775751 9.266661265
9.266674116 9.284825585
9.284836201 9.301408697
9.301417357 9.318741628
9.318753361 9.334848423
9.33485848 9.364822624
9.364845252 9.398493942
9.398510984 9.420857678
9.420869132 9.434880968
9.434892422 9.46283564
9.462856592 9.479942282
9.480012403 9.496436278
9.496491872 9.512618503
9.512634986 9.530693145
9.530754326 9.54753998
9.547556742 9.563657951
9.563674434 9.580542218
9.580559539 9.617436015
9.617444675 9.634986847
9.634999978 9.652509466
9.652528183 9.66829583
9.668311754 9.687366689
9.687374791 9.714831074
9.714840573 9.731854747
9.731870391 9.748131395
9.74815095 9.768012973
9.768022751 9.786621484
9.786634894 9.804622932
9.804634107 9.828893336
9.828901996 9.851688412
9.851697911 9.868992287
9.869000947 9.885045445
9.885061369 9.902079733
9.902088114 9.923377132
9.923386071 9.946998012
9.947010863 9.967475754
9.967496147 9.987832251
9.987849013 10.002922438
10.002940318 10.027038351
10.027053716 10.053238889
10.053269898 10.087381775
10.087390435 10.100516126
10.100527301 10.122391811
10.122402427 10.139367153
10.139378886 10.156434407
10.156453962 10.173746941
10.173776834 10.186629584
10.186654168 10.202475733
10.203342044 10.220627202
10.220638377 10.238260168
10.238271063 10.253887015
10.253904056 10.271093952
10.271107361 10.294203033
10.294211414 10.323186606
10.323196384 10.346057109
10.34606549 10.364333735
10.364345747 10.382299147
10.382327642 10.401659427
10.401672837 10.418738973
10.418748472 10.436827306
10.436837084 10.452518684
10.45257316 10.4751738
10.475202574 10.496088189
10.496103834 10.513948838
10.513975378 10.552494241
10.552511282 10.580662626
10.580728556 10.5992513
10.599269179 10.615565665
10.615584382 10.633757921
10.633777198 10.644584156
10.644608461 10.661227055
10.661280413 10.680282549
10.680299031 10.695483922
10.695549294 10.713968395
10.713994376 10.730670238
10.730688955 10.748079714
10.748105415 10.785865521
10.78589234 10.811126554
10.811144992 10.828623468
10.828639113 10.845397668
10.845409122 10.8635659
10.863586852 10.881438561
10.881506167 10.900106577
10.900128367 10.914073157
10.914082096 10.93097726
10.930993742 10.948198443
10.948214367 10.966238166
10.966255207 10.98429493
10.984311692 11.010851657
11.010875962 11.029515203
11.029523305 11.04691909
11.046936131 11.062875588
11.062886762 11.08083653
11.080853571 11.096423427
11.096433764 11.113520013
11.113528953 11.131229807
11.131237629 11.147725479
11.147734419 11.163058711
11.163087206 11.1842994
11.184308061 11.197551643
11.197562259 11.239710353
11.239730747 11.261397747
11.261416185 11.278830409
11.278841025 11.297039707
11.29705591 11.312930273
11.312945079 11.328706859
11.328716078 11.347432983
11.347442761 11.363051169
11.36305955 11.379033927
11.379043705 11.397415312
11.397430398 11.411439441
11.411458438 11.428516473
11.428540219 11.460948806
11.460957187 11.481034041
11.481044378 11.497030488
11.497040825 11.513370831
11.513423631 11.528783126
11.528794301 11.546088678
11.546099853 11.563815511
11.563823333 11.586596899
11.586604442 11.602307834
11.60231845 11.620516851
11.620528026 11.637500575
11.637509794 11.655386369
11.655398661 11.697117928
11.697144468 11.714747824
11.714762351 11.729007456
11.729017234 11.744698556
11.744713363 11.760618178
11.760627677 11.776667425
11.776678879 11.794713014
11.794726703 11.813085741
11.813097195 11.826705069
11.826729653 11.843159395
11.843173922 11.860515512
11.860526128 11.880371107
11.880398765 11.902384241
11.902398489 11.932387216
11.932413197 11.948554913
11.948565249 11.965455944
11.965469353 11.986242106
11.986268366 12.005298717
12.005314082 12.019207469
12.01922451 12.035339406
12.035393603 12.052105783
12.052113046 12.070378217
12.070393582 12.088689204
12.088703451 12.106593714
12.106614666 12.145516817
12.145541401 12.168476439
12.168491245 12.18840076
12.188419757 12.201698259
12.201710272 12.218968052
12.218983696 12.235408131
12.235425731 12.252095727
12.25216054 12.268852603
12.268861822 12.285201889
12.285210549 12.299703174
12.299717422 12.316115315
12.316124534 12.347106965
12.347118139 12.366118876
12.366126419 12.382556441
12.382620975 12.399596876
12.399610565 12.413291353
12.413309512 12.427508522
12.427519418 12.444977504
12.444992869 12.46062167
12.460631447 12.477409837
12.477419056 12.492751731
12.492768214 12.513008217
12.513083925 12.533870643
12.533888523 12.5569652
12.556972464 12.605880914
12.605889294 12.630987177
12.630996396 12.647624488
12.647633707 12.661235156
12.661242698 12.676997214
12.677008668 12.693330296
12.693357395 12.713283392
12.713291493 12.734892561
12.734902339 12.750375535
12.750390621 12.769715703
12.769727437 12.785283043
12.785298688 12.800884748
12.800894246 12.841848613
12.841863978 12.866610421
12.866626065 12.883539387
12.883550283 12.902092024
12.902118284 12.918779341
12.918788002 12.935858607
12.935869503 12.956680526
12.956692539 12.971194662
12.971203322 12.99273064
12.992740138 13.009473269
13.009482208 13.027471647
13.027642898 13.063634063
13.063650545 13.085428733
13.085438791 13.102197904
13.102209358 13.11783341
13.117851289 13.136696144
13.136714861 13.152482228
13.15250346 13.171127614
13.171141024 13.18995375
13.189966042 13.206398018
13.206438247 13.218632815
13.218720815 13.239441604
13.239452778 13.257144412
13.257158101 13.303799505
13.303826882 13.320538782
13.320547163 13.336113946
13.336138251 13.354745366
13.354759334 13.372051474
13.372066 13.386863413
13.386878778 13.408172267
13.408180648 13.420396166
13.420410414 13.435512612
13.435529095 13.452162494
13.452199091 13.469456313
13.46946637 13.485405545
13.485422028 13.508051441
13.508060381 13.546468614
13.546484817 13.567764617
13.567778306 13.585331933
13.585347578 13.603970894
13.603985421 13.619730719
13.619738541 13.63693989
13.636950226 13.653912716
13.653934506 13.6729995
13.673007322 13.689480087
13.689507744 13.70687224
13.706882018 13.724126389
13.724258808 13.753512805
13.753520348 13.78528947
13.785298968 13.80260033
13.802608991 13.819141817
13.819149918 13.83640714
13.83641608 13.854080335
13.854090113 13.871161277
13.871174128 13.887264442
13.887273382 13.903281282
13.903297764 13.920311658
13.920319201 13.937575864
13.937585641 13.954332184
13.95434252 13.977558319
13.977566141 14.003545701
14.003556317 14.021971226
14.021992458 14.036752155
14.036760816 14.055652603
14.055669644 14.070383246
14.070398891 14.096499134
14.096513103 14.112516255
14.112528547 14.129971824
14.12998691 14.146169693
14.14618422 14.161468844
14.161484768 14.178154485
14.178170968 14.211974705
14.21204706 14.230689096
14.230707254 14.24606954
14.246079877 14.262360997
14.262377758 14.277729151
14.27774731 14.294630462
14.294645548 14.310849003
14.310864368 14.328349831
14.328379164 14.344663357
14.344682075 14.361436158
14.361455434 14.378368199
14.378388593 14.395574297
14.395592735 14.419051862
14.419060243 14.446747839
14.446774658 14.463121709
14.463134839 14.480482015
14.480496263 14.496199935
14.496223681 14.51269421
14.512709296 14.528903532
14.52891303 14.547811523
14.547820742 14.566493226
14.566502166 14.585395349
14.58540373 14.599686831
14.599698006 14.618633092
14.61864315 14.640405693
14.640417706 14.678009075
14.67801969 14.694299972
14.694311985 14.711113004
14.71112809 14.728468839
14.728493703 14.745243877
14.745268461 14.76049861
14.760506712 14.776877506
14.776889798 14.789653152
14.789670193 14.807228292
14.807236673 14.821901386
14.821917869 14.839256942
14.839272866 14.85636191
14.856382583 14.897813267
14.897825559 14.915940153
14.915964737 14.931191254
14.931207457 14.948360474
14.948371648 14.965703461
14.965713518 14.982290485
14.982299425 15.00124429
15.001252951 15.016913042
15.016924496 15.030964549
15.030974885 15.047769758
15.047778418 15.064134127
15.064150051 15.083320086
15.083367858 15.122949424
15.122965906 15.140239611
15.140255814 15.15835504
15.158363141 15.175842179
15.175852237 15.193932189
15.193947274 15.212307707
15.212322513 15.229182478
15.229209576 15.248985834
15.248997567 15.263092375
15.26312534 15.280979564
15.280991856 15.298144595
15.298155211 15.327841664
15.327857309 15.3500389
15.350048119 15.369266764
15.369282967 15.385888986
15.385902675 15.403495136
15.403503796 15.419330948
15.419344078 15.435527418
15.435543621 15.45272737
15.452737427 15.470930802
15.470955386 15.486395895
15.486435286 15.502732329
15.502745738 15.520341271
15.520353843 15.536424042
15.536440525 15.586511414
15.586521191 15.603514411
15.603528938 15.620421309
15.62042969 15.638155686
15.638166582 15.65255137
15.652568691 15.670307538
15.670315081 15.686647044
15.686656263 15.704097587
15.704107364 15.722244027
15.722253246 15.739726416
15.739735635 15.755342368
15.755357454 15.773709785
15.773724032 15.811564039
15.811574655 15.830713119
15.830730998 15.846642519
15.846658163 15.861392718
15.861401657 15.878088694
15.878106294 15.895428886
15.895445648 15.911724813
15.911752191 15.927555876
15.927567889 15.946442632
15.946450175 15.962962889
15.962972667 15.977393774
15.977411094 15.995225927
15.995285711 16.03304973
16.033065095 16.058738189
16.058820881 16.077161481
16.077169583 16.09282297
16.092839452 16.111727605
16.111737662 16.133022771
16.133038974 16.144693808
16.144720347 16.161074101
16.161098685 16.176402027
16.176419347 16.192568607
16.192592633 16.210223924
16.210248229 16.227841805
16.227855493 16.256964222
16.25699132 16.275164579
16.275175195 16.289853038
16.289862257 16.303239378
16.303247759 16.319899314
16.319917473 16.336117298
16.336126238 16.354890635
16.354905441 16.37377795
16.373788286 16.389150854
16.389177393 16.402480761
16.402494171 16.417158325
16.417174808 16.432773436
16.432782376 16.448087674
16.448104157 16.478337608
16.478357163 16.501225712
16.501243871 16.519760471
16.519769132 16.535296803
16.535313006 16.553856144
16.553868716 16.571410611
16.571418154 16.589192479
16.589219019 16.602819071
16.602829966 16.617769016
16.617776559 16.635505629
16.635514569 16.651448995
16.651457655 16.668420146
16.668437467 16.696913154
16.696923211 16.721695632
16.721706528 16.739964715
16.739974213 16.752657949
16.75267499 16.770003447
16.770014063 16.793008048
16.793023134 16.805764139
16.805790958 16.820326883
16.820343365 16.8352894
16.835298898 16.852912869
16.852922088 16.870300553
16.870311728 16.889038969
16.889052378 16.92699519
16.92702145 16.95238864
16.952405681 16.970890154
16.970905799 16.987514891
16.987535006 17.004936939
17.004964875 17.01966451
17.019671773 17.036246504
17.036263546 17.053786164
17.053794825 17.071685646
17.071703246 17.089839909
17.089850245 17.109330374
17.109347415 17.133409413
17.133420867 17.169041874
17.169058915 17.19483789
17.194847947 17.211107555
17.21112292 17.228985805
17.229025196 17.244582481
17.244607624 17.265203816
17.265213314 17.282971159
17.282981495 17.302184774
17.302197904 17.318822641
17.318836051 17.337894619
17.337911102 17.357702165
17.357720883 17.37500129
17.375009671 17.404425701
17.404440507 17.42836282
17.428380979 17.445268321
17.445279217 17.465230915
17.465245722 17.481350839
17.481361735 17.500463605
17.500479808 17.516081233
17.516097995 17.536010859
17.536034605 17.554162329
17.554177135 17.572421354
17.57243644 17.607524977
17.607536152 17.625690973
17.625704382 17.654011612
17.654028374 17.664510153
17.664570776 17.681977456
17.681986675 17.699636126
17.699706526 17.718080926
17.718097968 17.736705082
17.736719609 17.754833924
17.754842584 17.769832197
17.769842254 17.786370891
17.786434866 17.802713193
17.802735542 17.820823315
17.820835887 17.844735572
17.844743394 17.881553659
17.881580198 17.899382182
17.899408722 17.917530578
17.917540077 17.9278182
17.927832727 17.944646593
17.944674809 17.962977695
17.962996133 17.979571146
17.979586511 17.997647743
17.997674283 18.011166222
18.011173765 18.027572218
18.027583113 18.046296385
18.046312308 18.064086076
18.064093339 18.088339997
18.088369051 18.118342413
18.118351911 18.136544727
18.136564562 18.159022164
18.159034177 18.179389837
18.17940157 18.196652646
18.196662703 18.214156546
18.214202641 18.233079063
18.23310225 18.250075357
18.250084018 18.265548551
18.265559447 18.286687552
18.286701521 18.305151631
18.305164761 18.34878483
18.348800754 18.368414699
18.368472806 18.386209139
18.386219475 18.404429053
18.404454196 18.422439722
18.422452852 18.436886529
18.436895469 18.456452425
18.456461923 18.474743297
18.474752516 18.490786117
18.490800923 18.513690425
18.513718083 18.532516561
18.532524942 18.569755372
18.569764871 18.594717203
18.594732289 18.61176965
18.611783898 18.625278071
18.625290084 18.641871242
18.641886049 18.659434926
18.659484094 18.678476174
18.67848679 18.696352468
18.696370907 18.715031099
18.715050375 18.732850682
18.732861298 18.751232346
18.751253858 18.767478546
18.767491676 18.802516241
18.80252546 18.824238553
18.824251684 18.840010391
18.840021566 18.856347941
18.856359116 18.874333468
18.874344084 18.893427795
18.89344316 18.911440977
18.911451314 18.927320929
18.927331545 18.940068917
18.94008093 18.958183231
18.95820139 18.974341151
18.974373557 18.991858181
18.991877178 19.012974553
19.012983772 19.058428096
19.058444299 19.074276756
19.074291283 19.087497432
19.087617559 19.1051033
19.105131795 19.120510844
19.120530121 19.138881337
19.138910111 19.156972743
19.157002076 19.175013023
19.175032858 19.188637381
19.188647717 19.205716926
19.205726983 19.226663721
19.226682439 19.247828982
19.247847979 19.270123436
19.270140198 19.2842459
19.284262103 19.295048391
19.295058448 19.313143149
19.313157117 19.331738529
19.331758643 19.346776194
19.346785134 19.362186533
19.362206368 19.378927209
19.37893559 19.397025597
19.397036212 19.413092723
19.413102222 19.431089425
19.431099203 19.446371813
19.446379356 19.472805899
19.472822103 19.491480062
19.491505204 19.509254944
19.509273382 19.522575074
19.522590718 19.538869604
19.538884969 19.556979446
19.556996487 19.573015283
19.573027016 19.587478295
19.587495616 19.605121879
19.605132215 19.621184813
19.621194591 19.639672918
19.639683813 19.657894786
19.657902887 19.680135323
19.680152364 19.698170854
19.698184543 19.715984851
19.715993232 19.730757959
19.730773324 19.749033184
19.749044079 19.761607409
19.761614672 19.779193164
19.77920378 19.796280251
19.796292543 19.811623263
19.811640863 19.829613818
19.829627228 19.846524626
19.846533845 19.865762267
19.865770648 19.889946346
19.889964504 19.908512672
19.908528875 19.926937919
19.926949932 19.947962658
19.947972436 19.964574266
19.964629301 19.982348034
19.98243352 20.000837814
20.000850106 20.022301435
20.022320711 20.037883584
20.03789839 20.055978342
20.055987281 20.073488946
20.073498724 20.092266194
20.092275134 20.113887377
20.113907212 20.131564205
20.131591024 20.148875903
20.148884563 20.165168756
20.16518887 20.183492593
20.183511031 20.201557459
20.201606069 20.219867886
20.219895543 20.234507456
20.234529247 20.255872742
20.255892857 20.274100756
20.274158026 20.29342947
20.293440924 20.311216368
20.311231453 20.330556536
20.33058084 20.348179726
20.348190342 20.367452286
20.367465975 20.383807159
20.383836771 20.400625776
20.400640582 20.416043936
20.416051479 20.434846327
20.434856943 20.4506461
20.450655319 20.467026953
20.467034496 20.484993203
20.485004098 20.501526029
20.501552848 20.523201131
20.523218452 20.547466786
20.547486621 20.565929465
20.565939523 20.588308288
20.588325888 20.604674615
20.604700875 20.620608762
20.620638654 20.638897958
20.638917514 20.657023726
20.657051104 20.675219614
20.675247271 20.696327604
20.696337661 20.713156279
20.713183378 20.731221703
20.731250478 20.76265447
20.762669835 20.788436237
20.788456352 20.808542145
20.80855304 20.826170084
20.826232103 20.846079876
20.846091609 20.863644679
20.863653898 20.879171793
20.879180174 20.894341877
20.894352493 20.912999555
20.913009891 20.931048498
20.931056599 20.950506557
20.950515776 20.968420285
20.968429504 20.986497724
20.986517279 21.023997182
21.024010871 21.042593681
21.042603458 21.062199802
21.062207624 21.080480338
21.080492072 21.100685421
21.100694361 21.11714617
21.117159859 21.131476484
21.131484865 21.147887509
21.147898684 21.164463079
21.164473415 21.183367157
21.183378332 21.202115351
21.202128481 21.238726987
21.238741234 21.25578139
21.25579424 21.273864134
21.273888997 21.293526689
21.293590384 21.311711123
21.311726488 21.33123679
21.331246009 21.349139623
21.349147724 21.366088145
21.366100996 21.384772644
21.384801977 21.403511617
21.403525865 21.414659682
21.41467365 21.432003786
21.432014681 21.453198101
21.453207599 21.478831525
21.478849963 21.495284734
21.495301776 21.513788761
21.513803009 21.534798974
21.534809589 21.547702569
21.547712906 21.563304274
21.563317404 21.579632325
21.579649086 21.596417699
21.596428315 21.613755657
21.613769625 21.634457449
21.634466947 21.647953299
21.647981794 21.663955892
21.663975448 21.683994751
21.684008999 21.704738728
21.704764709 21.720277575
21.720296293 21.737938758
21.737996587 21.753783509
21.753808093 21.769806216
21.769815994 21.78668015
21.786730156 21.805880353
21.805890689 21.823185626
21.823217753 21.839808131
21.839817909 21.855919116
21.855983928 21.871102331
21.871120211 21.89072298
21.890741418 21.906979797
21.907002146 21.925689994
21.925714299 21.943748436
21.943765198 21.96202897
21.962039586 21.980370408
21.980395272 21.996275503
21.996285281 22.012606907
22.012621713 22.029277462
22.029286402 22.052976842
22.052984665 22.070657582
22.070677976 22.090886129
22.090897863 22.113209359
22.113218019 22.131868991
22.131878769 22.14875354
22.148770581 22.174464631
22.17447832 22.187839792
22.187849011 22.204387147
22.204402233 22.220688102
22.22069788 22.237936942
22.237962085 22.255275738
22.255293896 22.270955944
22.271004274 22.287803337
22.287815629 22.303331845
22.303348607 22.320100457
22.320120292 22.337494289
22.337506022 22.356501172
22.356509833 22.370257111
22.370264654 22.38675446
22.38677206 22.406962615
22.406976025 22.420109257
22.420123225 22.436539557
22.436599341 22.454048487
22.454059103 22.470198306
22.470211715 22.489281456
22.489293468 22.512365676
22.512382438 22.529658656
22.529675697 22.546188968
22.546206009 22.590235348
22.590251831 22.607537268
22.607550398 22.62372536
22.62373849 22.639394111
22.63946926 22.654866747
22.654881833 22.671345378
22.67135795 22.688805698
22.688816594 22.705902842
22.70591234 22.724228915
22.724238973 22.748189502
22.748205146 22.764194051
22.764202711 22.778818257
22.778833063 22.795115298
22.795134015 22.812823694
22.812832075 22.831800688
22.831810187 22.848429897
22.848444144 22.864307612
22.86432186 22.87933578
22.879343323 22.895730879
22.895743451 22.91252603
22.912540557 22.929111938
22.929125347 22.94603448
22.946042861 22.962551941
22.96256563 22.991360911
22.991374042 23.009296151
23.009316824 23.033416536
23.033434415 23.054845236
23.054860601 23.073592312
23.07360181 23.090291083
23.090301978 23.11683859
23.116858425 23.132123774
23.132138859 23.148240347
23.148256829 23.164937999
23.164950291 23.18407926
23.184089596 23.198591999
23.1986001 23.213928303
23.213941992 23.230664789
23.230676243 23.247327801
23.247347078 23.263502481
23.263512818 23.28150058
23.281512872 23.309706957
23.309717852 23.324211315
23.324228077 23.352356511
23.35237467 23.374518827
23.374536985 23.391272633
23.391283528 23.408202994
23.408216125 23.425299023
23.425311036 23.445017731
23.445027229 23.471081378
23.471088921 23.490909039
23.490920772 23.509112188
23.509120849 23.524744064
23.524753283 23.541249514
23.541263762 23.555778735
23.555792144 23.57337734
23.57338628 23.590334524
23.590342905 23.60659972
23.606610615 23.623083657
23.623102654 23.639235432
23.639247724 23.655851788
23.655864639 23.673090572
23.673106775 23.690075971
23.690084352 23.70751897
23.707530424 23.724616674
23.72462757 23.740954783
23.740971824 23.756283827
23.756294443 23.773960095
23.773970153 23.788406345
23.788423945 23.804014195
23.804024811 23.823398224
23.823453259 23.839256941
23.839265601 23.855927497
23.855936157 23.871381138
23.871390077 23.890558434
23.890567653 23.904868912
23.904877852 23.921845372
23.921856826 23.93993119
23.939941806 23.956841998
23.956852893 23.973800299
23.973809239 23.990654398
23.990665293 24.007433065
24.007449548 24.023876217
24.023892141 24.040569679
24.040584206 24.05572775
24.055738925 24.073843461
24.073853239 24.090210905
24.090226549 24.10391907
24.103931083 24.120478159
24.120488495 24.141034403
24.141046137 24.157581478
24.157639307 24.174443396
24.174461555 24.18987413
24.189883628 24.206655312
24.206667883 24.223678705
24.223688204 24.240388372
24.240396753 24.257827178
24.257843102 24.273940121
24.273951296 24.292319832
24.292335197 24.307753636
24.307762017 24.324154045
24.324165778 24.342205222
24.342220587 24.362444107
24.362454443 24.378809316
24.378816859 24.395548315
24.395558931 24.40970095
24.409711566 24.42416508
24.42417374 24.443007419
24.443032003 24.456600766
24.456609147 24.473530013
24.473545379 24.49245672
24.492515945 24.50923064
24.50927031 24.526081944
24.52609256 24.545642809
24.545659571 24.562389911
24.562432654 24.579601315
24.579623385 24.597102702
24.597111362 24.62174885
24.621759187 24.64168686
24.641707533 24.658549338
24.658569732 24.676003233
24.676012731 24.692881635
24.692924378 24.708729738
24.708744265 24.728896548
24.728906605 24.745791711
24.745799533 24.76207758
24.762087358 24.776017621
24.776032427 24.792649342
24.792788466 24.809195301
24.809211224 24.825181131
24.825188674 24.856607193
24.856616412 24.875724146
24.875736158 24.893590942
24.893650447 24.908376063
24.908387517 24.926594299
24.92661106 24.947526289
24.947542772 24.966109098
24.966121949 24.987534725
24.987557912 25.013589993
25.013599212 25.030923202
25.030934656 25.048681324
25.048695851 25.066045822
25.066107841 25.082229723
25.082247323 25.103709546
25.103720721 25.118508914
25.118520368 25.135068562
25.135083927 25.155672575
25.155680956 25.181594586
25.183389228 25.201611935
25.201628697 25.223723683
25.223734578 25.239738289
25.239755609 25.255110913
25.25512991 25.27269946
25.27271706 25.289408847
25.289467793 25.306964152
25.306980914 25.324514984
25.324530628 25.343518517
25.343535559 25.366765327
25.366783765 25.383859399
25.383868338 25.404332672
25.404347478 25.423932927
25.423943543 25.439335165
25.439349971 25.455969123
25.455991472 25.506455986
25.506472189 25.521896774
25.521912418 25.541200066
25.541217945 25.562139041
25.562162787 25.579651042
25.579673671 25.602248887
25.602261738 25.622955708
25.622971632 25.649786214
25.649802417 25.667784869
25.667796881 25.683974078
25.683990001 25.700193179
25.700211896 25.722674247
25.722683746 25.739246466
25.73926658 25.75774351
25.757755802 25.771316464
25.771326242 25.788121951
25.788133405 25.82310489
25.823121932 25.837108903
25.83711896 25.855091077
25.85509862 25.872419537
25.872433226 25.887218624
25.887226167 25.905606436
25.905617611 25.9549669
25.954977795 25.970902445
25.970911943 25.987500644
25.987510701 26.006812035
26.006823489 26.025365791
26.025374731 26.041868448
26.041877667 26.061339077
26.061348855 26.080815296
26.080823957 26.095483642
26.095491464 26.111956405
26.111965903 26.129490756
26.129499137 26.146813909
26.14682257 26.170652972
26.170663868 26.187495335
26.187516287 26.206138487
26.206160836 26.222498947
26.222517106 26.238113221
26.238128307 26.254700525
26.254722595 26.270835258
26.270852858 26.289689887
26.289712795 26.309352164
26.309368367 26.326310185
26.326328344 26.339030516
26.339038897 26.355292639
26.355300741 26.372763854
26.372780896 26.388496581
26.388505241 26.404850892
26.404870168 26.420233295
26.420253968 26.43896305
26.438981488 26.457116754
26.457127928 26.474532374
26.474542711 26.492027615
26.492045774 26.505936087
26.505946145 26.522959479
26.522969536 26.540627647
26.540646644 26.560464805
26.560487154 26.572692337
26.572717479 26.588445177
26.588468923 26.605266308
26.6052786 26.621663644
26.621673981 26.640455698
26.640465197 26.658110734
26.658136436 26.674881302
26.674910076 26.692472644
26.692486612 26.710924989
26.710947059 26.729108864
26.729130096 26.748241743
26.748253477 26.763472171
26.763482507 26.780204464
26.780214242 26.797469787
26.797481241 26.817682692
26.817695822 26.831995683
26.832006299 26.846825781
26.84683947 26.863939409
26.863949466 26.882241455
26.882250394 26.902276683
26.90229093 26.914467619
26.914485778 26.932236079
26.932255075 26.952929769
26.952950721 26.972819727
26.972828946 26.994122434
26.994131653 27.009267934
27.009279668 27.025053461
27.02506687 27.045556066
27.045571152 27.066092475
27.066104767 27.086355665
27.086376897 27.106570245
27.106580861 27.126716941
27.126725881 27.143331063
27.14334587 27.163666329
27.163682812 27.183228872
27.183238929 27.198258155
27.198271285 27.216355428
27.216364368 27.232607214
27.232618109 27.249399292
27.249410746 27.26869588
27.26871348 27.288239982
27.28825004 27.311953891
27.311964787 27.329631556
27.329647201 27.341287787
27.341295888 27.357959737
27.357970353 27.374961898
27.374971397 27.390775641
27.390785419 27.405905776
27.405916951 27.422196951
27.422204215 27.441401907
27.441412523 27.459450291
27.459461466 27.474758939
27.474773466 27.491649913
27.491661926 27.51059506
27.510609587 27.524812228
27.524823124 27.542556105
27.542577057 27.565771066
27.565787548 27.582301659
27.582315068 27.601706358
27.601724238 27.621122793
27.6211376 27.64140079
27.641424257 27.658646558
27.658669745 27.675297277
27.675307613 27.692534662
27.692551424 27.708097535
27.708116811 27.725464547
27.725481868 27.743814643
27.743827773 27.75529655
27.755306607 27.771935537
27.771950902 27.791585799
27.791597253 27.804987223
27.805005381 27.821434006
27.821446857 27.841920409
27.841936333 27.85586436
27.855886151 27.873470508
27.873487549 27.893009863
27.893027742 27.913014361
27.913023301 27.928313791
27.92833642 27.943962707
27.943984218 27.960048272
27.960073415 27.976539193
27.976586685 27.990914206
27.990924822 28.007213763
28.007224379 28.036700751
28.036710808 28.054564195
28.054574253 28.07216224
28.072170621 28.087885468
28.08789357 28.103715134
28.103729382 28.124601866
28.124615835 28.146300714
28.146313844 28.161712449
28.161727815 28.178840604
28.17885122 28.197832123
28.197843577 28.223229207
28.223244293 28.255052524
28.255064537 28.282463831
28.282474726 28.296995005
28.297006459 28.313954704
28.313963923 28.330495354
28.330505132 28.346524765
28.346537057 28.363757961
28.363808806 28.381821987
28.381881772 28.39665013
28.396665216 28.412498234
28.412518907 28.431587811
28.431602896 28.449048131
28.449059305 28.464685313
28.464696767 28.480729811
28.480744058 28.49593342
28.495944874 28.512893395
28.512903452 28.532707926
28.532717703 28.556501731
28.556518772 28.580501709
28.580510369 28.596996263
28.597055489 28.620566577
28.620581942 28.631105068
28.631122389 28.648255572
28.64827848 28.666528843
28.666592538 28.680952185
28.680966712 28.698191248
28.698205216 28.7156809
28.715697382 28.734173753
28.734193868 28.752028538
28.752041947 28.765443929
28.765454824 28.782689417
28.782699753 28.799196264
28.799212746 28.815535771
28.815550578 28.837023417
28.837036547 28.858153757
28.858163814 28.875024896
28.87504082 28.891292325
28.891306294 28.907760062
28.907771516 28.922971493
28.92299496 28.944320573
28.944332865 28.965112881
28.965127688 28.981806903
28.981818078 29.000278523
29.000343056 29.016676139
29.016689828 29.034456333
29.034468345 29.050711749
29.050723762 29.064648996
29.064661567 29.084548452
29.084564655 29.099946498
29.099968009 29.116479885
29.116498323 29.132148916
29.132157018 29.148894897
29.148904955 29.166649948
29.166673974 29.180615411
29.180626306 29.198538917
29.198547578 29.216552938
29.216567745 29.232205208
29.232217779 29.248189642
29.248207521 29.265060499
29.265074468 29.283202192
29.283220071 29.298954195
29.29896956 29.319651795
29.319669954 29.33873858
29.3387911 29.357644894
29.357661656 29.381749353
29.381760807 29.39993267
29.399948315 29.422864914
29.422878044 29.432875403
29.432888254 29.450298847
29.450323152 29.465572298
29.46559744 29.481537175
29.481615956 29.49730538
29.497351755 29.514128189
29.514146069 29.532365703
29.532387214 29.547580765
29.547603393 29.563741199
29.563765225 29.581822826
29.581840146 29.599938537
29.599955299 29.615994767
29.616010412 29.63083576
29.630859226 29.648110302
29.648184893 29.664295878
29.66431264 29.682056236
29.682067969 29.700135629
29.700148759 29.715973396
29.715992951 29.732681386
29.732695633 29.747971876
29.747989476 29.763957427
29.763981173 29.780103614
29.780112554 29.798686142
29.798697596 29.813910703
29.813927186 29.830501919
29.830516446 29.848294402
29.848306694 29.863692449
29.863709211 29.881115893
29.88112623 29.898275057
29.89833931 29.914236862
29.914247477 29.934025411
29.934034071 29.947771013
29.94778554 29.964543814
29.964561414 29.983662446
29.98367837 30.00207959
30.002095514 30.018021281
