0.023498239 0.075138322
0.075150614 0.094051898
0.094058603 0.116471228
0.116479609 0.131320043
0.1313301 0.148823664
0.148830928 0.194296203
0.194303467 0.211282998
0.21129529 0.228839141
0.228895852 0.245901925
0.245909468 0.262122421
0.262134434 0.304511608
0.304517754 0.335721999
0.335734011 0.353865646
0.35387235 0.370239515
0.37024594 0.402159773
0.402166757 0.431655421
0.431668551 0.45632783
0.456338167 0.480293725
0.480305737 0.497750693
0.497759074 0.53147956
0.531530405 0.55476157
0.554773024 0.571119515
0.571125661 0.586040685
0.58604711 0.60222654
0.602233524 0.637078736
0.63708991 0.670455044
0.670461749 0.701652864
0.701671581 0.732870799
0.73288365 0.764007716
0.764019449 0.780200836
0.780211731 0.796302883
0.796310985 0.812985729
0.812994669 0.848233226
0.84824049 0.871799349
0.871810803 0.888807097
0.888813802 0.910522148
0.910528574 0.937048424
0.937055408 0.970859427
0.970867249 1.00140828
1.001482871 1.01982347
1.019832689 1.037333517
1.037341897 1.086902386
1.086916913 1.107925728
1.107936344 1.123339699
1.123350036 1.139718876
1.139726139 1.176022652
1.176029915 1.204117003
1.204124267 1.223760841
1.223770619 1.240152311
1.240162927 1.274666194
1.274678765 1.298316128
1.29832395 1.329297718
1.32931001 1.345968552
1.345988387 1.364756695
1.364769825 1.410701082
1.410760028 1.427868346
1.427890416 1.444811562
1.444824134 1.461609508
1.46162152 1.496437956
1.496451366 1.523767407
1.523778302 1.540574013
1.540584629 1.561808275
1.56182811 1.579210767
1.579223618 1.613070656
1.613083228 1.642625249
1.642637262 1.675444785
1.675457635 1.694591631
1.694606437 1.714311456
1.714325704 1.763203704
1.763218231 1.780515123
1.780528532 1.798174069
1.798188317 1.816789565
1.816801857 1.835928309
1.835940601 1.876472011
1.876479554 1.898766184
1.898779035 1.919069603
1.919080778 1.940361136
1.940373707 1.958333531
1.958342471 2.002512889
2.002523505 2.019045717
2.019060523 2.034933491
2.034945504 2.055827487
2.055840058 2.093072724
2.093084737 2.116558948
2.116567888 2.132697312
2.132706811 2.146450178
2.146458559 2.169077634
2.16908825 2.210478707
2.210487367 2.236582024
2.236594874 2.260482828
2.26049512 2.294348583
2.294361713 2.325294696
2.325306709 2.342428157
2.342440449 2.362771806
2.362781863 2.382229865
2.382242716 2.397354133
2.397361955 2.445992717
2.446002774 2.462597621
2.462610192 2.478616697
2.478623401 2.495296469
2.49530485 2.537761643
2.537773376 2.56261145
2.5626243 2.581504633
2.581516646 2.604176509
2.60423322 2.626204169
2.626218975 2.65950086
2.659512034 2.693273028
2.693286717 2.711799684
2.711811418 2.730864957
2.730876132 2.755588489
2.755596032 2.795284038
2.795290463 2.822712385
2.822724119 2.839410037
2.839422329 2.856489862
2.856502154 2.894375123
2.894384622 2.919140003
2.919148384 2.936433262
2.936444716 2.953182877
2.953190141 2.97323766
2.973249114 3.017897247
3.017906467 3.039375674
3.039387966 3.05551823
3.055524655 3.071404886
3.071411591 3.115296777
3.115311025 3.136122609
3.136133504 3.155647435
3.155657213 3.171520403
3.171531578 3.213299176
3.21330616 3.241223676
3.24123485 3.263228706
3.263241277 3.281764582
3.281771566 3.304063227
3.304110999 3.354493938
3.354508465 3.371101913
3.371108618 3.38836584
3.388376736 3.406215874
3.406225372 3.445805822
3.44581979 3.469900503
3.469911957 3.489811973
3.48982203 3.508544523
3.508557932 3.54525198
3.54526539 3.562749736
3.562757 3.579709152
3.579724797 3.601043708
3.601052648 3.617299965
3.617312257 3.655060909
3.655067613 3.673648746
3.673656569 3.691996049
3.692008341 3.714144954
3.714156687 3.731656958
3.731667573 3.771954536
3.771964314 3.7973248
3.797333181 3.815439392
3.815450008 3.837079015
3.837105275 3.870517901
3.870530193 3.89112052
3.891127784 3.907171163
3.907179824 3.931242938
3.931259141 3.973115578
3.973126194 3.992607441
3.992619733 4.015337704
4.015350834 4.030793021
4.030801123 4.051882851
4.051899613 4.091966717
4.092012253 4.112555368
4.112566822 4.12875519
4.128766365 4.145649797
4.145662089 4.192382272
4.192394844 4.228043228
4.228057476 4.249666648
4.249675308 4.275256772
4.275270181 4.309525374
4.309532358 4.334838087
4.334847026 4.357818662
4.357830675 4.379821737
4.379833749 4.399688229
4.399695213 4.439398583
4.439405846 4.457044402
4.457056414 4.473713279
4.473727247 4.488298373
4.488305357 4.505031226
4.505039049 4.545312323
4.545323218 4.565038574
4.565044999 4.579472252
4.579479515 4.595836621
4.595843885 4.612968967
4.61297651 4.655381619
4.65539028 4.671991273
4.671998537 4.687593816
4.687603593 4.704240342
4.704248444 4.746085607
4.746092591 4.769174294
4.769189101 4.789337193
4.789348647 4.806051328
4.806058032 4.854056033
4.854063855 4.865107995
4.86511917 4.883065585
4.883077877 4.903482427
4.903494998 4.92912479
4.929137641 4.970877864
4.970890714 4.98539088
4.985402334 5.00024221
5.000250033 5.014282541
5.014290364 5.04245791
5.04247104 5.075417965
5.075426625 5.102226959
5.10223981 5.116134593
5.116142416 5.13360441
5.133615864 5.183535337
5.183541763 5.198108139
5.19812099 5.214514415
5.21452084 5.229611306
5.229619966 5.245644348
5.245654964 5.290558158
5.290570171 5.305853117
5.305859543 5.322670898
5.322677883 5.338047713
5.338054139 5.35411847
5.354126571 5.398127137
5.398133562 5.415735239
5.415747252 5.429922518
5.429929223 5.445440692
5.445447397 5.492570424
5.492579643 5.509798033
5.50984776 5.526456296
5.52646328 5.54241335
5.542423407 5.564208301
5.564215006 5.602472661
5.602479645 5.630393806
5.630404422 5.645347663
5.645356882 5.66251884
5.662526662 5.707870694
5.707877678 5.727276232
5.727288245 5.74456111
5.744574799 5.765112327
5.765126854 5.782901179
5.782958728 5.823470021
5.823482872 5.839103015
5.839109441 5.859796148
5.859807602 5.870080416
5.870089355 5.888438893
5.888450068 5.907768167
5.90781091 5.953188184
5.953196007 5.98040114
5.980411197 6.0003344
6.000345574 6.016389514
6.016403202 6.05887508
6.058885976 6.082391478
6.082400697 6.099080748
6.099088011 6.112958769
6.112965754 6.128892639
6.12890521 6.173437965
6.173450257 6.199905295
6.19991228 6.216401525
6.2164127 6.229172422
6.229179686 6.24681461
6.246824667 6.299247251
6.299253956 6.316426249
6.316433792 6.329839686
6.329846111 6.34743466
6.3474436 6.391006119
6.391013103 6.408230375
6.408238477 6.423912258
6.423925108 6.439846405
6.439853669 6.458266623
6.458274165 6.499741168
6.499754578 6.528694289
6.528702111 6.546345974
6.546352958 6.563985088
6.563992351 6.602760127
6.60277186 6.622236066
6.622248079 6.638291179
6.638302913 6.663795539
6.66380811 6.70187859
6.701890882 6.721795927
6.721802911 6.739103992
6.739110976 6.755800527
6.755812819 6.772431692
6.77244147 6.816212117
6.816221615 6.834887116
6.834894938 6.849430585
6.849442038 6.872961507
6.872969329 6.906603493
6.90661355 6.929590771
6.929600549 6.947512883
6.947519588 6.964339043
6.964350776 6.981824785
6.981873395 7.026774073
7.026785248 7.046197771
7.046206152 7.066218191
7.066224896 7.080939337
7.080948277 7.117028001
7.117037779 7.140029529
7.140036513 7.188076696
7.188083681 7.207692319
7.207703494 7.237575445
7.237622658 7.287518665
7.28752537 7.323840321
7.323847305 7.340307217
7.340319788 7.36532185
7.365333583 7.404658972
7.404670706 7.425277234
7.425293437 7.449522216
7.449532832 7.465295728
7.465303551 7.505339924
7.50534607 7.526047026
7.526057921 7.544469199
7.544475345 7.563142801
7.563149506 7.579148467
7.57915629 7.624459253
7.624465958 7.652290725
7.652306928 7.67193931
7.671950205 7.693203186
7.693209612 7.736573223
7.736579928 7.768235348
7.768247361 7.784969598
7.784982169 7.802339962
7.802352254 7.839706164
7.839717618 7.858126662
7.858133366 7.877433024
7.877445596 7.89202203
7.89203097 7.909128116
7.909134821 7.946944095
7.946952196 7.978343336
7.978357305 7.993774906
7.99378664 8.009233855
8.00924056 8.026117845
8.026125388 8.062947665
8.062960237 8.094568443
8.094575148 8.106083314
8.106097841 8.123581628
8.123595317 8.141388082
8.141395345 8.17601846
8.176026841 8.202690845
8.202700064 8.221474237
8.221482618 8.238222735
8.238231116 8.279155591
8.279171236 8.303091035
8.303102768 8.321715748
8.321727761 8.338434633
8.338483522 8.365603728
8.365612388 8.413342756
8.41335002 8.429918047
8.429929222 8.448987232
8.448995333 8.465548554
8.465555259 8.481693622
8.481717927 8.518767608
8.518774592 8.5380885
8.53809716 8.560703943
8.560712044 8.614516927
8.614528661 8.655418776
8.655431906 8.683193254
8.683204429 8.69905421
8.699061194 8.715872548
8.715884561 8.748625034
8.748638165 8.777387069
8.777399361 8.797163047
8.797169472 8.814000103
8.814009602 8.831818569
8.83182667 8.879697838
8.87971013 8.89350518
8.893517193 8.911141779
8.911152675 8.937508259
8.937521389 8.954273239
8.95428609 9.002444724
9.002457575 9.021366681
9.02138037 9.03803137
9.038038633 9.056521708
9.056561378 9.102734006
9.102740711 9.121843697
9.12185152 9.138245503
9.138251929 9.158393314
9.158403651 9.17248533
9.172496504 9.216449576
9.216458516 9.238076906
9.238085008 9.255352565
9.255360666 9.271901037
9.27191277 9.2901081
9.290120672 9.344072781
9.344081162 9.364394077
9.36440162 9.381995197
9.382006372 9.397871517
9.397880457 9.415264788
9.415274566 9.463238484
9.463270052 9.491847707
9.491854691 9.505248572
9.505254718 9.522139824
9.522146808 9.556406471
9.556417925 9.580110879
9.580118422 9.601636241
9.601642666 9.620529146
9.620537806 9.638155407
9.638166302 9.686266271
9.686272417 9.706951023
9.70696108 9.723071787
9.723078492 9.738567053
9.738575434 9.78531182
9.785318525 9.806257777
9.806265879 9.823625069
9.823635126 9.838971713
9.838978139 9.858352667
9.8583644 9.89940984
9.899415986 9.915532839
9.915539823 9.936918519
9.936930252 9.959494851
9.959502393 10.000011734
10.000022629 10.017134858
10.017147709 10.034358835
10.03436582 10.049624743
10.049638152 10.069363004
10.069415525 10.111064675
10.111076409 10.126539265
10.126546808 10.144038138
10.144046799 10.158785544
10.158795602 10.175373406
10.175380669 10.216135291
10.216147304 10.233150022
10.233158403 10.256544895
10.256552718 10.27862368
10.278630664 10.314195798
10.314206134 10.334822164
10.334835853 10.356657339
10.356671308 10.375130359
10.37514321 10.415032357
10.415041856 10.433887268
10.43389956 10.451383066
10.45139424 10.468481888
10.468534129 10.490308685
10.490317065 10.53341975
10.533433718 10.555103511
10.555111333 10.572122154
10.572129977 10.594995175
10.595007187 10.63369227
10.633704004 10.652835486
10.65284694 10.666987004
10.666994547 10.682195362
10.682204581 10.722103506
10.722112446 10.748513568
10.74852111 10.772444822
10.772456555 10.786588797
10.786698867 10.807324674
10.80733529 10.848853415
10.84886431 10.880860277
10.880866982 10.897308735
10.897322703 10.91536103
10.915371925 10.932058684
10.932065947 10.97386679
10.973873774 10.997290436
10.997300214 11.013860699
11.01386936 11.044707077
11.044721045 11.08689652
11.086907974 11.114979137
11.114990033 11.131312778
11.13132535 11.152809085
11.152816349 11.193018386
11.19302984 11.221950554
11.221962008 11.239872106
11.239885236 11.257646433
11.257659004 11.276251869
11.276265837 11.310201436
11.310215963 11.342520906
11.342529566 11.360617341
11.360629354 11.381304606
11.381318574 11.417155812
11.417165589 11.437464257
11.4374718 11.456361632
11.456368617 11.473245063
11.473257355 11.492316202
11.492328494 11.527180409
11.52718907 11.544960323
11.54497038 11.561476108
11.561484769 11.579306588
11.579316924 11.598805713
11.598815491 11.639311421
11.639323992 11.655508172
11.655516273 11.672467311
11.672476809 11.68949154
11.689498524 11.710618527
11.710627188 11.748897414
11.748904119 11.765372693
11.765380236 11.783130259
11.783137522 11.798419071
11.798426614 11.840153707
11.840164043 11.855794241
11.855802063 11.872293545
11.872304999 11.891916989
11.891927885 11.914463429
11.914478235 11.958702293
11.958755931 11.976014269
11.976026561 11.990745471
11.990756087 12.009576077
12.009590325 12.029956878
12.029963862 12.075229952
12.075243361 12.096654462
12.09666843 12.112527989
12.112535252 12.132112321
12.132125451 12.172917227
12.172927564 12.198531656
12.198544227 12.217903672
12.217945577 12.231512104
12.231526352 12.262338369
12.262429721 12.297736443
12.297747897 12.318962046
12.3189735 12.3368213
12.336833312 12.356741708
12.356755397 12.401934603
12.401941587 12.418924191
12.418933131 12.433343622
12.433357032 12.4683179
12.468333544 12.48660514
12.486617991 12.536239382
12.536251674 12.556009493
12.556016477 12.579816708
12.579831794 12.605110425
12.605117689 12.64030652
12.640316018 12.656856387
12.656866165 12.67294698
12.67295592 12.691061573
12.691070512 12.731880727
12.73189274 12.751189047
12.751201059 12.765542827
12.765597303 12.79330641
12.793318982 12.812606909
12.812613614 12.858832338
12.858844909 12.874918738
12.87492656 12.897907694
12.897914399 12.915896013
12.915903277 12.95906882
12.959121062 12.985596213
12.985649572 13.006332088
13.006343542 13.023163558
13.023170821 13.066443918
13.066457328 13.091845192
13.091852456 13.107659212
13.107671784 13.123639456
13.123646999 13.151557529
13.151569821 13.195377625
13.195390755 13.219472306
13.219484318 13.241147966
13.241159141 13.296525116
13.296531821 13.311840751
13.311847456 13.33162371
13.331634885 13.348712196
13.348718901 13.37467639
13.374683932 13.40989176
13.409899303 13.426552815
13.426561196 13.444332171
13.444340272 13.465839092
13.465856134 13.506849613
13.506903251 13.522719228
13.522729844 13.539019624
13.539026608 13.557875371
13.557883473 13.589610409
13.589624657 13.615309766
13.6153215 13.641323686
13.641335699 13.659070635
13.659077898 13.676807806
13.676815349 13.72070724
13.720713665 13.737927585
13.737940995 13.753684894
13.753698024 13.773203018
13.773214192 13.788896633
13.788903896 13.834622835
13.834637362 13.858054305
13.858062686 13.877243056
13.877255627 13.897923339
13.897935351 13.941612131
13.941623864 13.964662547
13.964669811 13.980641953
13.980652569 13.997925992
13.99793996 14.032564193
14.032571177 14.05867282
14.058685112 14.080292046
14.080343449 14.098120849
14.098133421 14.115479481
14.115492053 14.158569314
14.158611219 14.190636518
14.190676467 14.208868166
14.208877106 14.228446911
14.228458365 14.267224185
14.26723089 14.286545915
14.286556252 14.311369461
14.311376445 14.327367026
14.32737401 14.346707752
14.346716972 14.391277662
14.39129163 14.414386743
14.414393448 14.443868424
14.443875129 14.4616827
14.461690243 14.509006312
14.509013855 14.52756258
14.52757124 14.547682177
14.547691396 14.565468235
14.565481924 14.623378109
14.623385652 14.641329832
14.641336817 14.664029367
14.664036351 14.681623221
14.681629926 14.718962047
14.719016244 14.742582365
14.742594937 14.766573684
14.766582623 14.787133559
14.787141102 14.807331377
14.807344787 14.84456069
14.844567395 14.86454228
14.864553455 14.878803032
14.878820911 14.891770882
14.891778145 14.908604583
14.908613523 14.955611955
14.955623409 14.978443628
14.978484974 15.00135492
15.001367771 15.018527773
15.018540903 15.058475867
15.058487321 15.084008721
15.084017381 15.105477371
15.105491619 15.125304751
15.125320395 15.181999666
15.182006929 15.212453817
15.212466389 15.235057527
15.23506926 15.253482774
15.25349758 15.298426474
15.298482068 15.324956384
15.324967838 15.343870797
15.343904321 15.389580797
15.389588619 15.423714187
15.423720891 15.443921223
15.443934353 15.467274471
15.46728369 15.495477497
15.495486437 15.539264348
15.53927189 15.567583867
15.567596439 15.590741281
15.590752176 15.619902528
15.619909792 15.650825173
15.650832158 15.683065584
15.683075641 15.703623504
15.703636076 15.722863379
15.722873716 15.770041442
15.770048984 15.791281852
15.791294423 15.820305931
15.820318223 15.837196625
15.837208079 15.85906421
15.859070915 15.898351605
15.89835803 15.924992143
15.925001641 15.943494493
15.943501198 15.97259931
15.972611881 16.007321041
16.007328584 16.024062835
16.024075965 16.04045067
16.040502352 16.057221238
16.057274038 16.073933139
16.07394571 16.115684814
16.115697944 16.133425058
16.133437909 16.149522353
16.149531572 16.176120429
16.176134397 16.217946693
16.21796122 16.23650855
16.236515254 16.25400323
16.254010494 16.269361608
16.269374179 16.296784087
16.296826551 16.325813754
16.325821017 16.343852639
16.343860182 16.36052515
16.360533251 16.377605253
16.377614193 16.415272331
16.415280712 16.434097349
16.434107127 16.451032183
16.451044475 16.467445722
16.467453265 16.483914855
16.483927426 16.520893297
16.520900561 16.542673998
16.542683776 16.558425721
16.558533276 16.576911589
16.576922205 16.595337675
16.595350805 16.639055242
16.639063903 16.659679371
16.659689149 16.676914243
16.676926535 16.695384189
16.695393129 16.739524994
16.739539242 16.762903386
16.76291484 16.780164795
16.780172617 16.798768558
16.798780291 16.842678048
16.842691178 16.859257251
16.859265632 16.875865508
16.875872771 16.892668759
16.892675463 16.917070743
16.9170808 16.957735409
16.957744069 16.983987909
16.984000759 17.001452696
17.001464709 17.018448712
17.018455417 17.03649039
17.036497095 17.079836682
17.079848974 17.09673436
17.096748049 17.113433131
17.113440115 17.130534465
17.130541449 17.146065769
17.146072195 17.192008759
17.192017978 17.210959773
17.210967036 17.228097704
17.228110554 17.244962138
17.244969681 17.290757064
17.290764328 17.310908229
17.310918565 17.327338809
17.327350822 17.346546557
17.346561363 17.381275553
17.381287007 17.41552795
17.415539404 17.436347915
17.436357414 17.453435001
17.453447573 17.470805646
17.470813468 17.511675085
17.511687098 17.541530836
17.54153782 17.558956234
17.558964615 17.574923068
17.574934802 17.621101842
17.621109664 17.636977324
17.636985146 17.653761301
17.6537708 17.673442013
17.673450953 17.690512061
17.690519603 17.734234935
17.734247507 17.751236539
17.751247713 17.768050967
17.768064376 17.784410307
17.784422878 17.801753853
17.801761116 17.84846789
17.848474874 17.862260984
17.862268527 17.881253622
17.881265076 17.901655375
17.901667388 17.942543814
17.942555827 17.969567919
17.969574624 17.989970231
17.989977215 18.007550959
18.00756381 18.024173462
18.024191062 18.06840534
18.068419867 18.084911349
18.084950739 18.101369028
18.10138132 18.118596914
18.118604178 18.157000957
18.157012691 18.184458918
18.184470372 18.200595604
18.200647007 18.218787024
18.218799875 18.237144664
18.237153883 18.276374231
18.276386243 18.307876838
18.307891086 18.324823125
18.324835697 18.351489085
18.351501098 18.395622069
18.39563464 18.42006428
18.420074337 18.434283965
18.434338161 18.451053695
18.451107892 18.466163155
18.466175168 18.511653853
18.511661676 18.529341577
18.529352751 18.551186254
18.551193238 18.573620668
18.573629887 18.609950424
18.609966348 18.635809857
18.635824384 18.652762012
18.652773466 18.675103678
18.675112339 18.693185865
18.693200951 18.734012283
18.734025413 18.762117531
18.762124515 18.780441926
18.780451704 18.797496887
18.797509738 18.815332116
18.8153391 18.863301061
18.863311677 18.877240262
18.877253672 18.893418017
18.893425281 18.910440851
18.910447835 18.950856323
18.950873644 18.968359105
18.968372236 18.985219349
18.985233038 19.001395428
19.001402412 19.019824305
19.019839111 19.061130952
19.061137936 19.080882624
19.080896034 19.095873636
19.095884252 19.11394381
19.113951633 19.141888422
19.141903788 19.170172745
19.170180287 19.194745699
19.194752404 19.213135467
19.213142731 19.226695291
19.226705628 19.269327525
19.269336744 19.283437979
19.283451947 19.30600565
19.306013193 19.319618275
19.319625259 19.334444739
19.33445284 19.379761394
19.379768657 19.392905521
19.392917533 19.409962996
19.409975009 19.426623494
19.426630758 19.464125467
19.464138038 19.484877546
19.484885369 19.503241332
19.503249992 19.521715468
19.521726642 19.535351559
19.535359381 19.57662496
19.57663837 19.593118957
19.59312622 19.612912254
19.612922311 19.630842746
19.630851686 19.646628272
19.646636373 19.684220759
19.684228581 19.705467593
19.705474297 19.718360012
19.718366997 19.735575609
19.735583432 19.754348666
19.75435593 19.801278094
19.801285357 19.817667049
19.817674592 19.836639012
19.836647393 19.852697758
19.852704742 19.892067287
19.892077344 19.909527886
19.909542692 19.926057639
19.926073004 19.944066633
19.944073617 19.963233314
19.963245606 20.001783185
20.001790728 20.023557183
20.023563888 20.035767115
20.035779407 20.052200487
20.052214176 20.070352795
20.070360617 20.108555416
20.108562959 20.1270695
20.127076484 20.144415839
20.144427014 20.168016325
20.168029735 20.208903923
20.208915657 20.237144104
20.237151926 20.263621772
20.263633506 20.281184897
20.281194396 20.329520928
20.32952875 20.345702036
20.345713211 20.36412421
20.364133429 20.382063082
20.382073977 20.401719211
20.401732341 20.440413234
20.440420498 20.455536945
20.455548678 20.473214891
20.47322411 20.489667819
20.489678434 20.509546603
20.509555263 20.54545815
20.545467928 20.570853278
20.570861659 20.597077001
20.597085662 20.616984279
20.616993778 20.656628705
20.656640997 20.678284528
20.678295982 20.696055503
20.696064722 20.715630896
20.715638439 20.729750287
20.72975783 20.777377291
20.777389304 20.801413027
20.80142057 20.821649677
20.821662807 20.840376638
20.84038865 20.870690828
20.870702561 20.887088161
20.887094865 20.904946577
20.904953002 20.922929031
20.922936574 20.942000447
20.942007431 20.982753674
20.982766804 21.006794157
21.006807008 21.021618947
21.021630122 21.039070049
21.0390829 21.080748249
21.080760541 21.097740074
21.097752925 21.11434442
21.114358109 21.130455684
21.130467696 21.147802024
21.147809287 21.187499526
21.187507069 21.205086678
21.205098691 21.229241983
21.229250364 21.246300854
21.246349743 21.283154701
21.283162244 21.30567516
21.305686335 21.328668307
21.328681996 21.345605934
21.345617667 21.36621861
21.366226153 21.414847695
21.414856634 21.448134608
21.4481821 21.461962343
21.461974635 21.481246357
21.48125837 21.530441715
21.530454007 21.547418455
21.547425998 21.560290482
21.560297467 21.577040935
21.577049875 21.59386039
21.593868492 21.638080536
21.63809199 21.655682214
21.655695065 21.675574967
21.675589215 21.693115184
21.693127476 21.726376395
21.726389526 21.757053198
21.75706549 21.777245431
21.777256605 21.799863109
21.799869813 21.834860296
21.834873426 21.859839168
21.859846711 21.878220834
21.878230053 21.893025508
21.893034448 21.91021624
21.9102249 21.944167484
21.944179217 21.976650661
21.97666435 21.993787198
21.993797255 22.010754996
22.01076226 22.044894252
22.044906265 22.072887754
22.072894179 22.094022284
22.094034576 22.112366792
22.112377967 22.127199964
22.127211976 22.161734519
22.161741503 22.184392707
22.18440472 22.203198729
22.203205713 22.218509612
22.218521345 22.236480892
22.236488155 22.276757518
22.276764502 22.306726413
22.306737587 22.32223341
22.32224207 22.335807761
22.335814186 22.371764007
22.371773227 22.398418791
22.398431921 22.416462426
22.416476395 22.434815316
22.434828726 22.452374811
22.452428449 22.492429063
22.492436606 22.523173475
22.523180738 22.547235191
22.547241895 22.564583485
22.564597733 22.599917586
22.599927085 22.618954641
22.618961905 22.635621006
22.635632181 22.654081173
22.6541309 22.674798612
22.67480811 22.720562807
22.720569792 22.735742111
22.735754962 22.75312281
22.753135103 22.774036363
22.774043347 22.80974984
22.809756545 22.826111417
22.826118681 22.844421287
22.844427992 22.861860373
22.861868754 22.876946649
22.876953074 22.915811364
22.915819466 22.941698175
22.941712702 22.960619294
22.960632704 22.977871487
22.977878471 23.016762743
23.016773079 23.047268575
23.04727528 23.064817733
23.06483198 23.082923387
23.082936238 23.10294269
23.102954144 23.148682862
23.148694316 23.160941961
23.160952577 23.177706661
23.17771588 23.19455601
23.19456942 23.211188292
23.211201981 23.254832387
23.254845517 23.277511524
23.277524096 23.294446359
23.294459489 23.314598921
23.314610933 23.353225617
23.353238468 23.378405913
23.378413177 23.396973635
23.396982016 23.414815848
23.414826464 23.452285694
23.452293237 23.47948496
23.479495855 23.506941524
23.506953257 23.524576445
23.524588458 23.560651143
23.560662876 23.581362433
23.581373608 23.601266918
23.601278372 23.619473703
23.619484877 23.637764014
23.637772116 23.677017887
23.677030179 23.709731543
23.709737968 23.727988331
23.728040851 23.745760981
23.745773273 23.780823258
23.78083583 23.804086272
23.804098843 23.830171989
23.830179532 23.854493236
23.854504131 23.876595488
23.876605266 23.925227646
23.925236586 23.945117883
23.945124867 23.963112908
23.963120451 23.979313012
23.979321392 24.034292066
24.034305476 24.053661007
24.053673299 24.072382661
24.072393836 24.091092861
24.091103756 24.127528776
24.127541068 24.153773731
24.153780995 24.180010586
24.180127919 24.198529141
24.198543109 24.236464689
24.236479216 24.260473884
24.260483662 24.278557468
24.278564732 24.297281916
24.297290297 24.318328723
24.318335707 24.354122101
24.354129643 24.380092439
24.38010557 24.397256074
24.39726669 24.419429562
24.419440457 24.435275151
24.43528465 24.477036883
24.477043588 24.506164608
24.506178018 24.522345157
24.522351862 24.539098123
24.539109018 24.583308492
24.583323577 24.609774145
24.609785878 24.628105805
24.628112789 24.646722975
24.646736943 24.687835462
24.687849431 24.710768266
24.710777206 24.727538555
24.727548891 24.744303253
24.744309958 24.762462266
24.762476513 24.810301586
24.810316672 24.838883153
24.838942099 24.855367649
24.855379382 24.873685061
24.873694 24.920656952
24.920669244 24.944563344
24.944574518 24.961468285
24.96147499 24.979840452
24.979847715 25.002598373
25.002690285 25.041601095
25.041609755 25.059232387
25.059242444 25.077841455
25.077852629 25.095485318
25.09549342 25.137734543
25.137747673 25.161163218
25.161176628 25.185352605
25.18535931 25.206341586
25.206353599 25.250965694
25.250977707 25.270954546
25.270969073 25.286448694
25.286455958 25.303147187
25.303156964 25.32374254
25.323757347 25.360698354
25.360707015 25.377773151
25.37778656 25.394408225
25.394420238 25.41092513
25.410936584 25.451150353
25.451158455 25.472521506
25.472533239 25.48836933
25.488380225 25.504366614
25.504417738 25.52068042
25.520687404 25.561578076
25.561590368 25.591816276
25.591877178 25.611949562
25.611956826 25.629068776
25.629080788 25.673533645
25.673579182 25.693448467
25.693459363 25.71193685
25.711944393 25.727475697
25.727489386 25.774297569
25.774306229 25.79049907
25.790509686 25.813395275
25.813409243 25.837868777
25.837878276 25.869757187
25.869766965 25.885905329
25.885912313 25.916762043
25.916773497 25.937517196
25.937528929 25.95449198
25.954502316 25.992931222
25.992939044 26.018458489
26.018465474 26.037301666
26.037310326 26.053838126
26.053845389 26.098084531
26.098091794 26.114598082
26.114605067 26.133915621
26.133928472 26.155585974
26.155595472 26.181094522
26.181101506 26.218362666
26.21837859 26.248207521
26.248214784 26.263919295
26.263932984 26.281840288
26.281854815 26.319672192
26.31968588 26.347166747
26.347180994 26.364905315
26.364912578 26.379386763
26.379394026 26.399912277
26.399922334 26.437689982
26.437696687 26.478221392
26.478228097 26.495488391
26.495495654 26.515014058
26.515022159 26.555358011
26.555371979 26.590977621
26.590984605 26.607971402
26.607978106 26.626278757
26.62629077 26.662070177
26.662078558 26.69138312
26.691390104 26.705861776
26.705872672 26.723342489
26.723354781 26.771322889
26.771330152 26.78847479
26.788489038 26.805928684
26.805935947 26.824831645
26.824839747 26.855695344
26.855706798 26.878396275
26.878403538 26.898012174
26.898021114 26.913322222
26.913330882 26.93142089
26.931430668 26.948428359
26.948435343 26.983120757
26.983128021 27.005489523
27.005500697 27.022119847
27.022131022 27.039549437
27.039559495 27.056088132
27.056097072 27.09243493
27.092441914 27.119887303
27.119936192 27.138773779
27.138787748 27.156356462
27.156364005 27.192239514
27.192248733 27.220158145
27.220167085 27.239237667
27.239248841 27.25672257
27.256734862 27.290443335
27.290455906 27.317724736
27.317736749 27.338002732
27.338010555 27.353886594
27.353898048 27.370536756
27.37054821 27.409001142
27.409012596 27.437440231
27.437446936 27.456114112
27.456126404 27.471583398
27.471596248 27.491477825
27.491485088 27.531173094
27.531184827 27.551080093
27.551087915 27.570452667
27.57046049 27.587231894
27.587239436 27.627001474
27.627009017 27.655273503
27.65528384 27.671657988
27.671670838 27.693688721
27.693701013 27.728239202
27.728248141 27.757346252
27.757361338 27.778824682
27.778835298 27.796362943
27.796372441 27.826629918
27.826672382 27.853522442
27.853530823 27.879732478
27.879739741 27.903982766
27.903990029 27.918341854
27.918348838 27.971494698
27.971508107 27.987329113
27.987341126 28.003847135
28.003857192 28.0204336
28.020440584 28.054026417
28.05403368 28.079026522
28.079033785 28.108782818
28.108825002 28.128563545
28.128623888 28.16412393
28.164137898 28.187595069
28.187602891 28.204526829
28.204535489 28.222031848
28.222043302 28.250331533
28.250337959 28.259363408
28.259378214 28.304621674
28.304635921 28.321104216
28.321111479 28.338700308
28.338713997 28.355414164
28.355428691 28.389877762
28.389890612 28.409799845
28.409807109 28.426592204
28.426599188 28.449282239
28.449296766 28.470626291
28.470669034 28.503823529
28.503830513 28.523919936
28.523928876 28.541731698
28.541746225 28.556749808
28.556757631 28.573828793
28.573837733 28.614690972
28.614702985 28.6298672
28.629875302 28.645933489
28.645947177 28.662248132
28.662260983 28.704975071
28.704989318 28.720983531
28.72099722 28.738046592
28.738058884 28.754160093
28.754172385 28.773753086
28.773766216 28.814398196
28.8144049 28.829420776
28.829432509 28.84587566
28.8458846 28.8628605
28.862903522 28.903077064
28.903088239 28.921426603
28.921435543 28.938089336
28.938095761 28.954469349
28.954480803 28.975252719
28.975264452 29.014307123
29.01432193 29.028240738
29.028250795 29.046417628
29.046432714 29.063531536
29.063543828 29.105062512
29.105069217 29.128684509
29.128699315 29.147425997
29.147438009 29.165704577
29.165711841 29.182139347
29.182148846 29.220925283
29.220938692 29.237117285
29.237132091 29.254458873
29.254473121 29.271154851
29.271200667 29.290293876
29.290307006 29.337382263
29.337388968 29.356161743
29.356172359 29.371235447
29.37124746 29.397004645
29.397011629 29.409454271
29.40946796 29.446133514
29.446142454 29.471896844
29.471915002 29.490340529
29.490398078 29.505096316
29.505103021 29.54849848
29.548505185 29.56587946
29.565887282 29.581659397
29.581670851 29.598451197
29.598461254 29.616377218
29.616388672 29.655012018
29.655019561 29.690444453
29.69045898 29.714442476
29.71445393 29.731057435
29.731069169 29.771439385
29.771450839 29.789965201
29.789978611 29.816548749
29.816562438 29.83433425
29.834346542 29.873367702
29.873381111 29.89734058
29.897351196 29.921228812
29.921241384 29.938788867
29.938796689 29.955911432
29.95592568 29.995860086
29.995874893 30.031287215
