0.030743012 0.054839928
0.05487457 0.071142281
0.071149265 0.131318085
0.131325069 0.147529364
0.147536068 0.164762281
0.164769544 0.181295107
0.181302649 0.226154998
0.226165894 0.238345375
0.238354594 0.25439127
0.254412222 0.272359195
0.272375398 0.288826373
0.288844531 0.308574412
0.308592012 0.345322379
0.345331598 0.363762433
0.363778636 0.38018072
0.380196085 0.396502068
0.396515757 0.439351368
0.439367851 0.45584313
0.45586073 0.472427639
0.472444401 0.488174893
0.488191375 0.50503793
0.505053575 0.541031052
0.541038874 0.564045988
0.564063867 0.580492771
0.58050674 0.597211376
0.597222271 0.614388419
0.614408254 0.655407878
0.655490851 0.671480034
0.671487857 0.689399908
0.689414994 0.70541619
0.705428762 0.72370762
0.723721309 0.763399257
0.763407079 0.780954003
0.780960987 0.796513523
0.796527212 0.813363148
0.81337991 0.829606834
0.829624992 0.872340477
0.872388808 0.888782792
0.888797319 0.90500189
0.905018373 0.924033361
0.924049005 0.967213709
0.967229074 0.987699272
0.987715196 1.005217422
1.005232507 1.023380624
1.023395431 1.03932874
1.039339356 1.08284684
1.082863602 1.099783631
1.099800673 1.12328522
1.123296116 1.139922531
1.139932309 1.178072631
1.178087717 1.203533129
1.203546259 1.220928357
1.220940929 1.234192054
1.234208257 1.250760081
1.250778519 1.26901771
1.269034192 1.314907061
1.314924103 1.34086008
1.340876563 1.356084921
1.356100286 1.372239487
1.372253734 1.387322689
1.387339172 1.423638757
1.423646021 1.438826163
1.438841528 1.456082266
1.456091764 1.469999677
1.470015881 1.487030612
1.487046536 1.522595469
1.522611392 1.540178149
1.540185413 1.562248274
1.562263918 1.57994717
1.57996477 1.599063846
1.59907977 1.633879444
1.633893412 1.656235358
1.656250164 1.666669645
1.666681378 1.687864239
1.687882957 1.69897822
1.698986322 1.71580522
1.715821423 1.761848781
1.761864426 1.780148035
1.780163679 1.796251198
1.796268239 1.812157969
1.812171937 1.826781893
1.826795862 1.872474013
1.872492172 1.891746855
1.891763897 1.90865431
1.908672469 1.92846465
1.928480295 1.958326545
1.958343027 1.985278855
1.985294778 2.003947148
2.003957764 2.028404448
2.028411432 2.041813133
2.041826543 2.080452122
2.080464694 2.095858551
2.095874195 2.113324457
2.113341778 2.130174643
2.13018917 2.151313643
2.151330685 2.188579553
2.188596315 2.205594004
2.205608531 2.220755989
2.22076409 2.237253058
2.237263953 2.25389791
2.253912716 2.293168543
2.293182511 2.323404789
2.323412332 2.339876994
2.339892359 2.355872324
2.35588741 2.371220083
2.371234889 2.411080736
2.411097498 2.430228421
2.430242669 2.446015624
2.446036576 2.462620247
2.462635333 2.502591248
2.502610525 2.524279761
2.524288142 2.554371853
2.554386659 2.566811144
2.566826788 2.581155704
2.581170789 2.611394184
2.611408432 2.656133111
2.656149315 2.680463018
2.680481177 2.693430589
2.693445395 2.709491568
2.709506654 2.752602913
2.752616323 2.7717411
2.771748922 2.788494905
2.788507756 2.806236266
2.806251073 2.822016203
2.822032127 2.862726126
2.862741491 2.887985763
2.888094715 2.905256671
2.905270639 2.922456903
2.922470871 2.938426252
2.93843575 2.985307348
2.985318523 2.996184988
2.99619281 3.013545296
3.013553118 3.029479443
3.029490338 3.046923559
3.046941718 3.087260809
3.087335399 3.113128902
3.113144826 3.129783252
3.129798896 3.147411471
3.147449186 3.183038904
3.183099805 3.205364088
3.205377218 3.230244345
3.23025971 3.246928589
3.24694563 3.264567143
3.264575245 3.303318716
3.303335478 3.322333424
3.322348789 3.339660485
3.339670543 3.356058381
3.356066482 3.373117252
3.373182624 3.415406984
3.415443022 3.433954314
3.433961577 3.452707816
3.452723181 3.469043689
3.469050953 3.486004225
3.486021267 3.521065665
3.521113436 3.539243953
3.539261274 3.554569922
3.554585287 3.571437989
3.571452796 3.612565004
3.61257562 3.630806986
3.630821233 3.647327801
3.647343445 3.664649276
3.664663524 3.679588884
3.679603411 3.722459137
3.722469474 3.738834124
3.738841108 3.756663763
3.756675217 3.773219779
3.773234585 3.789506207
3.789522969 3.830939685
3.830957565 3.848264791
3.848279877 3.864075461
3.864088871 3.880308808
3.880319983 3.919286108
3.919299518 3.940548868
3.940566189 3.957855256
3.957873694 3.973655868
3.97372543 3.988798296
3.988810029 4.03052818
4.030539075 4.047530341
4.047548779 4.064355385
4.064370471 4.081570979
4.081587741 4.101303935
4.101313434 4.140821248
4.140834658 4.156556768
4.156565428 4.173609214
4.173624299 4.189450055
4.189460391 4.229702377
4.229717183 4.247904131
4.247963635 4.264888413
4.264904896 4.281548351
4.281561482 4.299530246
4.2995417 4.339564943
4.339577514 4.354692843
4.354708209 4.374738407
4.374752095 4.389969394
4.390873699 4.408586844
4.408600812 4.450853389
4.450869312 4.469357417
4.469372223 4.482032212
4.482048695 4.498617839
4.498625382 4.539465768
4.539480574 4.557142317
4.557159358 4.574355957
4.574372998 4.592409369
4.592425292 4.607486984
4.607503746 4.648755078
4.648771002 4.66571617
4.665726228 4.682657431
4.682664974 4.699156176
4.699163999 4.716660076
4.716674883 4.763573581
4.763587829 4.781292873
4.781300416 4.797549966
4.797558905 4.815896712
4.815904814 4.834074998
4.83408757 4.875349518
4.875364883 4.891307133
4.891369991 4.907115568
4.907126184 4.924805525
4.924820611 4.9677716
4.967786407 4.991871312
4.991879134 5.013380749
5.013391085 5.022769093
5.022780827 5.039279571
5.039288231 5.069093975
5.069105429 5.099160366
5.099175731 5.122825106
5.122832928 5.13424639
5.13425952 5.148643471
5.148654087 5.184756999
5.184814827 5.209243073
5.209257879 5.230587405
5.23060277 5.247123306
5.24718756 5.265133416
5.265148781 5.308167376
5.308182741 5.324201538
5.324216065 5.340846671
5.340857846 5.357212995
5.357261884 5.376993444
5.377009088 5.393665672
5.393682714 5.426820447
5.426833577 5.45430271
5.454317796 5.473512414
5.473526662 5.488241381
5.488249482 5.532381348
5.532388612 5.562923218
5.562934951 5.573909252
5.573924338 5.588597991
5.588612239 5.60567083
5.605724747 5.660209606
5.660218266 5.682598764
5.682606027 5.696810067
5.696826829 5.713747137
5.713755239 5.746542645
5.746556055 5.772350673
5.772366876 5.796733383
5.79674763 5.814456024
5.814464685 5.831224357
5.831235811 5.873539792
5.873554598 5.887197114
5.887213597 5.906490907
5.906506551 5.922451874
5.922467798 5.939678365
5.93969373 5.988692136
5.9886994 6.00217737
6.002194691 6.020058692
6.020068469 6.036557717
6.036570009 6.052789669
6.052796374 6.090056416
6.09006368 6.113564431
6.113574768 6.130577209
6.130589221 6.147748384
6.147755648 6.182032911
6.182048555 6.207597053
6.207612418 6.227805767
6.227819736 6.241672892
6.241687698 6.25962266
6.259642495 6.27969225
6.279705939 6.321959074
6.321966896 6.341790365
6.341805451 6.356565428
6.35657325 6.372214902
6.37227273 6.408375923
6.408391567 6.431662961
6.431670504 6.450690798
6.450699179 6.466250038
6.466265682 6.483972683
6.483989724 6.520832395
6.520845525 6.53825025
6.53826785 6.555655815
6.55567118 6.573300236
6.573315322 6.589692822
6.589729698 6.627638147
6.627652395 6.649835662
6.649851586 6.664803764
6.664814939 6.681277647
6.681293012 6.699501471
6.699555389 6.741633641
6.741653476 6.755703865
6.755714202 6.77350529
6.773519817 6.791075399
6.791087971 6.807396469
6.807405129 6.846778569
6.846789185 6.864868858
6.864879474 6.88349776
6.883616211 6.898614207
6.898629572 6.940060257
6.9400678 6.958350012
6.958363701 6.973607536
6.973621505 6.989663489
6.989712657 7.007332215
7.007347301 7.023028623
7.023037004 7.064353708
7.064364044 7.081831628
7.081843641 7.100450753
7.100464721 7.115098146
7.11589294 7.155473948
7.155490431 7.174518826
7.17453922 7.191086854
7.191144123 7.206949764
7.206957307 7.225913905
7.225929829 7.263930748
7.263947789 7.281343297
7.281350561 7.298556659
7.298572024 7.315998539
7.316015581 7.332141095
7.332186631 7.377255208
7.377270294 7.398658207
7.398715756 7.415961804
7.415969067 7.431773868
7.431787557 7.44853382
7.448541084 7.49045479
7.490462054 7.507008012
7.507023098 7.523636102
7.523651747 7.540753362
7.540763978 7.557079179
7.558646417 7.599898588
7.599913674 7.623490972
7.623505778 7.640501515
7.640516042 7.656698824
7.656716145 7.674114725
7.674121988 7.716220635
7.71623153 7.733701628
7.733711965 7.74768888
7.747704804 7.766226432
7.766239003 7.783790954
7.783822801 7.823699098
7.823712787 7.840563813
7.840580854 7.85906365
7.859079854 7.873980629
7.873996274 7.892545839
7.892596963 7.929352471
7.929366439 7.950081084
7.950091979 7.967474914
7.967492235 7.983152605
7.983159589 7.998410411
7.998429128 8.038379457
8.038393984 8.057218722
8.057233249 8.082699057
8.082715818 8.094656161
8.094672364 8.11907407
8.119090832 8.157133098
8.157146787 8.175991359
8.176001137 8.192362715
8.192378638 8.210213307
8.210227554 8.236539558
8.236555762 8.271900477
8.271917239 8.29305987
8.293073559 8.310138856
8.310157015 8.327720142
8.327737463 8.343287761
8.34330173 8.385646217
8.385662141 8.402576582
8.402597814 8.423826769
8.423841575 8.440573311
8.440588955 8.457504234
8.457518761 8.494425966
8.494441051 8.511642957
8.511652735 8.532679152
8.532694237 8.549427089
8.549442175 8.567721594
8.567737518 8.609443656
8.609461815 8.619318654
8.619332623 8.6373567
8.637373462 8.652211103
8.65222144 8.673479448
8.673488388 8.685667589
8.685684631 8.721493371
8.721508457 8.750354024
8.750369109 8.760969338
8.760987776 8.78712853
8.787144733 8.79579276
8.795808683 8.849557693
8.849570823 8.869784845
8.869799931 8.884525824
8.884539234 8.900021928
8.900033661 8.939159863
8.939172713 8.965049466
8.96506539 8.982634662
8.982643043 9.001512481
9.001523656 9.016921422
9.016965561 9.049258493
9.049274696 9.069658292
9.069673657 9.091169686
9.091184492 9.107689662
9.10770391 9.125811798
9.125826325 9.166067752
9.166083676 9.179471971
9.179487056 9.194837609
9.194846828 9.212062146
9.212078069 9.228997538
9.229004243 9.266540299
9.266547562 9.290754549
9.290771031 9.309217231
9.309231758 9.323062006
9.323070946 9.341068765
9.34107547 9.381736783
9.381744046 9.399703591
9.39971281 9.414725891
9.414741815 9.432794669
9.432837133 9.448835533
9.448850898 9.491905533
9.491922295 9.504278056
9.504293141 9.52117797
9.521194452 9.5376295
9.537644027 9.555246265
9.555256602 9.596067934
9.596081344 9.615093256
9.615103872 9.633196954
9.633210364 9.648545553
9.648555331 9.692833026
9.692843083 9.707824875
9.707837446 9.724671989
9.724683443 9.73974178
9.739756027 9.757090354
9.757105719 9.795177597
9.795193521 9.814963632
9.814972013 9.832550503
9.83256531 9.848018951
9.84803683 9.866685847
9.866702329 9.907741064
9.907756988 9.925386325
9.925444712 9.940023101
9.940033158 9.957501859
9.95751024 9.973388515
9.973396896 10.013786946
10.013796165 10.031608483
10.031616026 10.048270658
10.048282391 10.06514487
10.065154648 10.104964736
10.10498038 10.124298197
10.12431468 10.141531673
10.141548994 10.156893681
10.156903458 10.173482661
10.173498305 10.216413257
10.216437562 10.232092625
10.232107711 10.248422073
10.24843688 10.265327575
10.265335676 10.282423042
10.282437011 10.324391785
10.324408267 10.341825844
10.341841768 10.357285072
10.357300158 10.373924057
10.373939981 10.414200963
10.414217725 10.432227278
10.432241526 10.451636168
10.451650975 10.466249758
10.466256742 10.48228392
10.482300682 10.499280492
10.499298092 10.540504726
10.540513107 10.557696018
10.557703281 10.574242813
10.57425287 10.590985164
10.591003044 10.633980573
10.633993703 10.657548373
10.657557034 10.677826649
10.677842293 10.686181621
10.686197545 10.699702054
10.699710435 10.733756104
10.733773704 10.75765076
10.757667243 10.775004922
10.775022242 10.791130992
10.79114524 10.810517536
10.810533459 10.85152582
10.851544258 10.867333416
10.867351854 10.883448033
10.883466192 10.901210067
10.901224873 10.918891924
10.918899187 10.959002328
10.959013782 10.976210103
10.976218204 10.991699781
10.991710956 11.008318652
11.008331223 11.025201524
11.025212978 11.068186317
11.068194977 11.083607831
11.083623196 11.101898424
11.101906526 11.117055935
11.117070741 11.160416475
11.160432679 11.175566165
11.175577619 11.193558955
11.193566498 11.209174069
11.209190552 11.224850362
11.22486433 11.246473222
11.246534124 11.284362953
11.284370775 11.312153079
11.31216146 11.324386478
11.324399608 11.340526796
11.340534618 11.356917427
11.356933072 11.392258511
11.392273876 11.409719389
11.409733916 11.425391213
11.425403226 11.433468776
11.433483862 11.450035966
11.450050773 11.466418774
11.466435256 11.509380938
11.509392113 11.531738809
11.531749984 11.550588131
11.55060601 11.571776579
11.571791944 11.609839796
11.609847339 11.628567314
11.628585473 11.643406911
11.643444626 11.658169123
11.658183091 11.674316705
11.674324806 11.717676685
11.717751834 11.733281183
11.733296827 11.749761489
11.749769311 11.766804158
11.76681226 11.783184173
11.783263234 11.824496408
11.824510097 11.841421183
11.841438504 11.857823548
11.857839192 11.876034521
11.876050166 11.890303932
11.890319298 11.933036179
11.933049868 11.950920855
11.950937058 11.966642405
11.96665777 11.983324694
11.983350675 11.999075298
11.999083121 12.040921958
12.040931457 12.057244143
12.057253642 12.073915816
12.073926991 12.09080232
12.090820759 12.108461267
12.108478588 12.146666124
12.146680931 12.174250355
12.174266838 12.184133456
12.18414938 12.198813534
12.19882415 12.21323017
12.213237434 12.259060577
12.259076221 12.274013034
12.274024488 12.290831373
12.290839196 12.308440596
12.308448418 12.325570426
12.325585232 12.365967739
12.365986178 12.379131144
12.379139525 12.39611738
12.396134142 12.411771885
12.411787529 12.42862291
12.428631012 12.474468401
12.474477061 12.492046053
12.492061977 12.508287782
12.508303147 12.524062693
12.524078058 12.54097015
12.54098328 12.590884313
12.59096477 12.603766677
12.603781763 12.618829486
12.618842616 12.634088686
12.634097067 12.652347433
12.652356373 12.6918058
12.691819768 12.709253268
12.70926137 12.725484661
12.725498908 12.743657083
12.743674963 12.780846725
12.780858738 12.800594765
12.800610409 12.817820139
12.817835504 12.833992586
12.834010745 12.852152156
12.852159978 12.889444884
12.889461087 12.905748074
12.905767071 12.9245432
12.924558565 12.942848879
12.942860891 12.961614951
12.961622773 13.000237738
13.000244722 13.016997129
13.017007466 13.034502707
13.034513602 13.050613971
13.050622911 13.089356606
13.089371971 13.109837141
13.109855859 13.125625741
13.125641944 13.14234239
13.142359151 13.158910417
13.158925224 13.200280201
13.20029808 13.223114945
13.223122488 13.239896968
13.239908981 13.260334202
13.2603437 13.276183422
13.276198508 13.319120723
13.319128266 13.332006718
13.332029905 13.350760778
13.350779216 13.366848857
13.366856679 13.395828517
13.395851425 13.424303924
13.424311467 13.442135799
13.4421439 13.457785554
13.457801757 13.475813545
13.475830865 13.533276714
13.533292637 13.557233667
13.557253502 13.575553315
13.57556896 13.59130839
13.591325711 13.609099198
13.60910674 13.652582658
13.652591318 13.666063979
13.666078506 13.682590941
13.68260435 13.699465713
13.699475211 13.717640646
13.717657408 13.758051091
13.758066736 13.776525226
13.776542826 13.792534245
13.792544581 13.80853041
13.808544658 13.84322644
13.843243202 13.867201834
13.867209377 13.884253722
13.884260986 13.900124175
13.900141216 13.918309448
13.918326209 13.958208653
13.958225414 13.975239028
13.975254952 13.993639971
13.993651146 14.009187758
14.009204241 14.025333104
14.025407694 14.068641123
14.068688615 14.085625684
14.085637976 14.102309928
14.102327528 14.117868049
14.117883414 14.153536829
14.153556105 14.177266661
14.17728482 14.192480327
14.192494854 14.210347401
14.210357458 14.226215899
14.22622456 14.265676222
14.265684044 14.284579461
14.284596223 14.30182467
14.301838639 14.317214056
14.317266577 14.338631303
14.338646948 14.376954051
14.376962991 14.393476822
14.393487438 14.412357433
14.412372519 14.429316293
14.42933529 14.4462366
14.446251127 14.486783932
14.486791195 14.502989343
14.503011972 14.520361385
14.520375632 14.529385995
14.52940108 14.545091062
14.54511397 14.5804883
14.580505621 14.601114104
14.601123882 14.619613663
14.619636851 14.636480333
14.636538441 14.653055063
14.653064282 14.697848746
14.697865787 14.712219845
14.712236607 14.728836763
14.72884654 14.743522429
14.743530531 14.75857909
14.758594455 14.771631587
14.77164751 14.809587249
14.809603732 14.833218185
14.833233271 14.852028119
14.852044043 14.871839294
14.871854101 14.910350894
14.910367935 14.929888851
14.929904774 14.946625056
14.946779825 14.963049491
14.963057313 14.983116007
14.983133048 15.017618158
15.017628774 15.046486631
15.046500599 15.062122977
15.062134989 15.077023473
15.077039118 15.092938903
15.092996453 15.141471888
15.141487812 15.158606189
15.158617084 15.176001136
15.176019295 15.195383488
15.195400809 15.213101942
15.213111719 15.254865629
15.254883229 15.275978369
15.275992616 15.285005215
15.285021697 15.301110333
15.301123463 15.335919507
15.335927608 15.360206392
15.360222875 15.384779626
15.384793595 15.400652315
15.40066768 15.41870014
15.418718019 15.46018139
15.46019899 15.476561124
15.476575371 15.492205292
15.49221507 15.509341826
15.509358867 15.526167708
15.526183632 15.567892564
15.567969949 15.583239767
15.583250662 15.600296124
15.60030646 15.617995301
15.618012901 15.634620598
15.63463736 15.677763232
15.677774406 15.692014206
15.692022028 15.709799707
15.709815631 15.728985384
15.728995442 15.744341248
15.744349349 15.787226865
15.787237481 15.798161496
15.798173229 15.815717916
15.815725179 15.832764776
15.832773436 15.849338112
15.849354594 15.895669978
15.89568674 15.911752469
15.91176085 15.927824622
15.927839149 15.943089132
15.943100027 15.959945466
15.959961669 16.001283121
16.001298486 16.01827299
16.018280813 16.033973308
16.033984483 16.050483508
16.050500269 16.067359117
16.067371129 16.107115007
16.107133166 16.127646948
16.127657563 16.143953767
16.143969411 16.160165604
16.160173426 16.204840555
16.204847819 16.219596063
16.219604723 16.235015062
16.235031544 16.251362111
16.251377755 16.269075536
16.269092298 16.313145383
16.313161865 16.325246363
16.325263683 16.342887431
16.342902796 16.358938633
16.358955116 16.375325631
16.375333174 16.42567421
16.425689017 16.439319239
16.439329017 16.451812448
16.451821947 16.467790736
16.46779772 16.483949493
16.48396849 16.526583962
16.526600444 16.543376599
16.543391685 16.5602374
16.560303051 16.576457619
16.576474381 16.609796493
16.609814372 16.634371405
16.634388167 16.651628905
16.651645108 16.66715099
16.667160767 16.683777963
16.683787461 16.718825155
16.718841917 16.742424523
16.74243458 16.763460437
16.763480551 16.778999003
16.779012133 16.795051882
16.795068085 16.834782071
16.834793525 16.851516879
16.851535597 16.870067561
16.870081529 16.88663531
16.886650954 16.902968111
16.902978727 16.939627519
16.939649309 16.959776729
16.959792653 16.9796516
16.979666406 16.993279869
16.993287132 17.010941891
17.010954741 17.052117794
17.052130086 17.068438305
17.068447245 17.087768134
17.087786852 17.10365954
17.103684683 17.137178883
17.137195366 17.161044487
17.161060132 17.178461506
17.178480223 17.194886217
17.19489376 17.211724392
17.211733611 17.251176332
17.251196167 17.268888361
17.26890652 17.286532503
17.286549824 17.303115336
17.30313126 17.32044631
17.320462234 17.360431559
17.360448321 17.375728476
17.375743841 17.394752123
17.394761901 17.410954182
17.41096815 17.43106847
17.431084673 17.469424462
17.469468323 17.492606181
17.49261512 17.503103045
17.50311841 17.518231504
17.518241002 17.533921208
17.533936014 17.570705212
17.570712475 17.602824657
17.602840022 17.616319669
17.61633671 17.626799213
17.626812902 17.644776637
17.644785297 17.686062611
17.686081887 17.718014716
17.71802589 17.728615784
17.728623048 17.747029298
17.74704606 17.783385315
17.783401798 17.804149126
17.804158346 17.833256459
17.833282719 17.849475278
17.849603227 17.863689097
17.863699154 17.901066473
17.901078765 17.920769537
17.920787975 17.941177437
17.941192522 17.959690964
17.959708285 17.976638368
17.976656247 18.016786766
18.016797661 18.03172442
18.031731684 18.049066847
18.049074111 18.059469286
18.05948521 18.077191372
18.077206737 18.110053928
18.110069852 18.129956458
18.129966236 18.14620517
18.146221374 18.163374392
18.163390316 18.177421429
18.177436235 18.192924796
18.192942954 18.244839215
18.244856536 18.256387332
18.256410799 18.277693669
18.277707917 18.293306269
18.293331691 18.310155618
18.31017657 18.34766625
18.347680777 18.3678068
18.367820768 18.384605581
18.384621505 18.401634841
18.401650765 18.422625498
18.422648127 18.45982883
18.459846709 18.476623423
18.476639347 18.493737887
18.493746268 18.509373115
18.509380937 18.526312419
18.526322756 18.564697465
18.564745795 18.585466586
18.585494522 18.602683857
18.602722968 18.618136938
18.618155655 18.655262606
18.655279089 18.677379663
18.677466825 18.696647197
18.696661724 18.711953331
18.711961154 18.729722629
18.7297352 18.767315954
18.767324335 18.793149405
18.793163652 18.811271541
18.811280201 18.82848602
18.829967773 18.848379609
18.848395253 18.886522724
18.88653334 18.903049965
18.903067285 18.919749575
18.919769968 18.936164788
18.936179873 18.954775534
18.954789781 18.995762028
18.995779349 19.010320303
19.010333992 19.02797506
19.027989308 19.045952485
19.045976511 19.07406779
19.074084552 19.099120694
19.099128237 19.115887072
19.115901319 19.132512929
19.13252103 19.145902059
19.145910719 19.184983004
19.185014851 19.20784429
19.207861331 19.223760279
19.223775365 19.238574172
19.238581436 19.253609604
19.253627204 19.270286024
19.270302227 19.317885649
19.317895985 19.336044383
19.336060027 19.35378239
19.353798314 19.370604361
19.370620843 19.411495871
19.411512074 19.433576331
19.433591417 19.451806581
19.451825857 19.472551397
19.4725676 19.486422991
19.486434445 19.527752547
19.527768471 19.543380229
19.543396153 19.561724182
19.561737871 19.578444464
19.578469327 19.596127995
19.596143919 19.635792535
19.635808739 19.652095444
19.652106339 19.669374176
19.669384233 19.685035944
19.685044884 19.701757343
19.701781927 19.742685729
19.742698021 19.760819039
19.76082742 19.77766671
19.777729568 19.795293812
19.795311132 19.836052902
19.836068826 19.851165438
19.851183597 19.868939205
19.868952336 19.886899867
19.886923613 19.901815171
19.901981393 19.945765729
19.945783329 19.960987777
19.961002304 19.978078774
19.978185771 19.994089469
19.994099526 20.013285203
20.013302245 20.056021361
20.056036727 20.076815626
20.076834064 20.086517418
20.086536414 20.101710409
20.101737228 20.122302971
20.12236052 20.162986633
20.162993897 20.177479815
20.177493225 20.194610205
20.194626688 20.212609421
20.212624228 20.227086399
20.227100646 20.269386748
20.269404348 20.285684071
20.285691893 20.304529482
20.30453926 20.319664367
20.319675542 20.337057919
20.337074123 20.378438597
20.378457035 20.394638699
20.394654065 20.411494475
20.411511516 20.43013986
20.430154666 20.465798863
20.465815345 20.486712693
20.486721912 20.507208315
20.507279274 20.51966297
20.519678335 20.536876332
20.536891976 20.554646187
20.55466239 20.595174802
20.595194078 20.615800329
20.615816253 20.632498541
20.632506643 20.647963913
20.647981513 20.664635307
20.66464257 20.703681609
20.703698371 20.731671201
20.731682655 20.747902593
20.747919634 20.762160271
20.762170608 20.779257974
20.779273339 20.821156038
20.821183136 20.837222883
20.83723741 20.853916066
20.853931431 20.870489123
20.87050337 20.887628173
20.887635716 20.930492
20.930508483 20.94532545
20.945412332 20.967037706
20.96705335 20.98282435
20.982843905 20.997929622
20.997941914 21.038429741
21.038442592 21.048116448
21.048169807 21.073061516
21.073145046 21.08735635
21.087375347 21.104461039
21.104525014 21.143997627
21.144014389 21.180393594
21.180409517 21.199079488
21.199126701 21.220109535
21.220127694 21.241447443
21.241463647 21.272338799
21.272353606 21.304585914
21.304604632 21.321821904
21.321833637 21.338552242
21.338566489 21.355444613
21.355460816 21.399332034
21.399347958 21.419828773
21.419842462 21.437223163
21.437237969 21.458786239
21.458804398 21.474889682
21.474900577 21.516995592
21.517010678 21.548540662
21.548556586 21.564608347
21.564626786 21.580801747
21.580815715 21.597730713
21.597749151 21.637339657
21.637365359 21.65434126
21.654358302 21.669238405
21.669245669 21.689288719
21.689299335 21.705655325
21.705671248 21.745805679
21.745824676 21.772090583
21.772145618 21.79588858
21.795943895 21.81467728
21.814694042 21.857840029
21.857857629 21.874636857
21.874658368 21.891501849
21.891515817 21.914486894
21.914504773 21.930640901
21.930690907 21.967317071
21.967339979 21.987128807
21.987167918 22.003497089
22.003511616 22.020233574
22.020356494 22.038163505
22.038213232 22.07636473
22.076384006 22.092769328
22.092776871 22.109637115
22.109656391 22.126011264
22.126020203 22.144278388
22.144293753 22.185232478
22.185250357 22.205441469
22.205450129 22.222283834
22.222300037 22.238593729
22.23861077 22.253548421
22.253563227 22.284484757
22.284501519 22.311926231
22.311934612 22.33043026
22.330445346 22.344791304
22.344806669 22.363562683
22.363579445 22.400396695
22.400415413 22.426800329
22.426813739 22.444158403
22.444191368 22.459213946
22.459235457 22.474829898
22.474873758 22.510465711
22.510481077 22.533952217
22.533960039 22.550342567
22.550357653 22.567019548
22.567074303 22.584242965
22.584250787 22.627485891
22.627496507 22.642062884
22.642074617 22.658788474
22.658799928 22.673874748
22.673886202 22.691452961
22.691461063 22.729989702
22.730000597 22.745969386
22.745981119 22.762207483
22.762215305 22.779267473
22.779282559 22.79649536
22.796511563 22.831747327
22.831763251 22.85125651
22.851268802 22.873217402
22.873228018 22.887993861
22.888010623 22.903746982
22.903758436 22.942565043
22.942580967 22.959684258
22.959745159 22.976426609
22.976438063 22.992955526
22.992967539 23.006914282
23.006925177 23.042242236
23.042255646 23.060144791
23.060152893 23.077660705
23.077719931 23.093378623
23.093391754 23.110163159
23.110171261 23.148046465
23.14806211 23.173761466
23.173779346 23.191741403
23.191758724 23.208694676
23.20875474 23.225997993
23.226018666 23.26931104
23.26932836 23.280048997
23.280065201 23.298623983
23.298631525 23.314342181
23.314356708 23.332938959
23.332954883 23.371789148
23.371806748 23.387133277
23.387148642 23.404932467
23.404942524 23.42187177
23.42188043 23.429529168
23.42954593 23.465716728
23.46573349 23.490662077
23.490670458 23.509233712
23.50925187 23.524272495
23.524290934 23.53804687
23.538065587 23.58204073
23.582051066 23.599908086
23.599916187 23.615158905
23.615177623 23.629716901
23.629731428 23.645110758
23.645118301 23.690971335
23.690983068 23.707515895
23.70753573 23.731969284
23.731985487 23.746987391
23.747010299 23.765619649
23.76563669 23.80658547
23.806601394 23.836579505
23.836588445 23.846481602
23.846496129 23.862387535
23.862403738 23.914616517
23.914627692 23.931152698
23.93116499 23.948435342
23.948494568 23.963176601
23.963184702 23.995123398
23.995142953 24.021454679
24.021470602 24.038408229
24.038416051 24.070550025
24.070568183 24.087479829
24.087495474 24.10470241
24.104761635 24.122044836
24.122053497 24.1737109
24.173727942 24.188341252
24.188358852 24.205007336
24.205022142 24.230161092
24.230168635 24.277855702
24.277870787 24.297556808
24.297571614 24.315253471
24.31526716 24.33033304
24.330348126 24.347612891
24.347629094 24.387305365
24.387323244 24.407234155
24.407252314 24.422631085
24.422649803 24.440633651
24.440650413 24.455663216
24.455674111 24.501804834
24.501820199 24.52345172
24.523461219 24.538222871
24.538232928 24.554959075
24.554971926 24.572569694
24.572585897 24.615054423
24.615065038 24.63131459
24.631328 24.658290364
24.658300421 24.674756424
24.674769554 24.713785965
24.713799933 24.737746553
24.737763874 24.7545174
24.754533603 24.770666937
24.770675039 24.784043219
24.78406054 24.823905268
24.823923427 24.845678706
24.845695189 24.863191268
24.86320775 24.880528945
24.880544869 24.898454967
24.898470612 24.941318516
24.941334719 24.952952955
24.953019165 24.970210455
24.97022135 24.987213455
24.98722854 25.003093684
25.003109888 25.040655442
25.040663823 25.059358098
25.059375698 25.074782406
25.074798888 25.090763206
25.090780527 25.107508912
25.107525394 25.147796155
25.147805094 25.171011953
25.171021172 25.188906966
25.188917023 25.206121165
25.206129546 25.246636091
25.246652294 25.266290264
25.266307306 25.282585911
25.282605746 25.299082141
25.299102255 25.314937788
25.314999807 25.351031481
25.351048523 25.372719154
25.373636589 25.398661558
25.398710446 25.410597153
25.410617267 25.425111846
25.425119668 25.46073453
25.460794873 25.480254889
25.480269695 25.508047247
25.508066523 25.523923009
25.523938094 25.541958261
25.54196776 25.587296146
25.587303968 25.605613838
25.605628644 25.624118425
25.624146082 25.642369906
25.642407899 25.686666318
25.686685035 25.706270207
25.706287527 25.722225864
25.722332581 25.739161816
25.739180534 25.754883647
25.754901527 25.767402277
25.767439433 25.809553723
25.80957272 25.826299707
25.826307808 25.841331786
25.841351062 25.847352942
25.847361882 25.861863724
25.861912613 25.897669391
25.897689226 25.920953637
25.92096984 25.937502667
25.937519708 25.955492943
25.955509425 25.970774773
25.970782316 26.02081996
26.020835325 26.028737726
26.028791364 26.049850466
26.049883152 26.069291484
26.069309084 26.103907056
26.103923818 26.129347162
26.129358336 26.145267341
26.145282426 26.161188359
26.161199254 26.177940489
26.177957809 26.21474349
26.214755223 26.243308572
26.243327569 26.258351267
26.258368867 26.274253287
26.27428262 26.292476554
26.292494154 26.304837623
26.304901318 26.344532612
26.344540434 26.363771927
26.363787292 26.385665772
26.385674153 26.40287578
26.40289338 26.432633194
26.432646603 26.455757361
26.455764904 26.473980348
26.473988729 26.487379817
26.487407474 26.503850345
26.503870459 26.525871022
26.525878285 26.564800271
26.564816195 26.581495409
26.581515244 26.598127411
26.59814529 26.61535055
26.615456989 26.633084368
26.63310141 26.679944235
26.679960997 26.703031804
26.703043817 26.720159122
26.720186779 26.73231374
26.73233581 26.755917017
26.755936294 26.790923703
26.790935715 26.819057724
26.819068619 26.83069412
26.830718425 26.846318173
26.846355608 26.892432135
26.892449176 26.913224721
26.913236455 26.931037878
26.931122246 26.948476408
26.94849345 26.968683725
26.968701046 27.002500873
27.002516796 27.025175262
27.025192583 27.050127876
27.050145755 27.068851204
27.068867407 27.085286534
27.085294915 27.122814488
27.12282203 27.138256673
27.138275391 27.157505209
27.157512752 27.174288069
27.174308742 27.191752579
27.19176962 27.230371452
27.230458056 27.265664487
27.26568097 27.284231929
27.284246456 27.299060909
27.299077392 27.324005422
27.324023581 27.361927838
27.361942924 27.373130659
27.373146583 27.392629226
27.392642915 27.407188618
27.40720538 27.42317836
27.423185903 27.462761603
27.462776689 27.491593202
27.491608846 27.509127831
27.509146548 27.524113814
27.524127782 27.542518947
27.542528725 27.588018864
27.588040096 27.605338664
27.605355705 27.622647007
27.622660696 27.639847797
27.639864839 27.656341794
27.656358556 27.707337381
27.707355819 27.722533447
27.722552164 27.740822083
27.740829626 27.75663415
27.756656499 27.776283852
27.776351737 27.816510475
27.816527796 27.839375111
27.839455009 27.857272079
27.857287724 27.87354398
27.873560742 27.913087553
27.91310627 27.93380946
27.933816444 27.948773093
27.94879181 27.966091217
27.966104626 27.983657417
27.983673899 28.019100747
28.019114156 28.040699024
28.040714948 28.059232941
28.0592511 28.07325316
28.073269922 28.090890318
28.090908477 28.129099643
28.129109142 28.149955088
28.14996291 28.166343203
28.166354378 28.183222164
28.183229986 28.199972898
28.199993012 28.237365639
28.23738268 28.257964624
28.257982224 28.275136919
28.275154798 28.299613773
28.299633329 28.336943937
28.336953156 28.358083495
28.35810333 28.373951155
28.374017644 28.390417492
28.390428108 28.406265876
28.406286269 28.426648354
28.426666233 28.459236295
28.459243838 28.475206201
28.475221566 28.490218724
28.490226825 28.506694841
28.506711323 28.527175935
28.527196328 28.564676233
28.564698303 28.581273034
28.581281974 28.595174242
28.595181785 28.608789101
28.608799717 28.644587505
28.644602311 28.667491535
28.66750215 28.684435868
28.684447322 28.701101112
28.701112566 28.719862436
28.719879477 28.756974973
28.757011849 28.7760165
28.776029351 28.794416884
28.794432529 28.811327412
28.811351996 28.836094527
28.836105143 28.868607317
28.868626873 28.884780044
28.884792336 28.901898422
28.90190792 28.918532099
28.918545788 28.944803316
28.944815329 28.97505688
28.975068614 28.990635397
28.990650204 29.00648434
29.006498587 29.022897597
29.022908213 29.055869667
29.055883356 29.078152106
29.078175293 29.101104186
29.101118434 29.115815275
29.115926183 29.133978195
29.133987694 29.171722101
29.171737187 29.186812005
29.186824018 29.204014193
29.204026205 29.220066513
29.220076291 29.233684723
29.233697016 29.266282442
29.266297807 29.289283131
29.289306877 29.306900173
29.306906878 29.323833611
29.323841992 29.34173924
29.341749576 29.382224552
29.382237123 29.395603348
29.39561592 29.415176225
29.415189075 29.432468647
29.432481777 29.450027583
29.450049094 29.487941341
29.487954471 29.505233481
29.505246052 29.52429177
29.524306018 29.540287379
29.540300229 29.559890429
29.559897133 29.598490027
29.598503436 29.614401267
29.614413559 29.632931554
29.632941332 29.648530745
29.648538008 29.696506116
29.696516173 29.710339438
29.710346422 29.727563135
29.727612024 29.74076174
29.74077068 29.75863133
29.75864474 29.776904601
29.77691354 29.813360633
29.813367337 29.840408482
29.840417981 29.857225704
29.857234923 29.875736996
29.875747332 29.915755769
29.915767782 29.930526921
29.930534743 29.948157094
29.948165196 29.965522149
29.965535279 29.983697364
29.983708539 30.021909483
30.021922893 30.046478249
